intersect_bp,f_orig_query,f_match,f_unique_to_query,f_unique_weighted,average_abund,median_abund,std_abund,name,filename,md5,f_match_orig,unique_intersect_bp,gather_result_rank,remaining_bp,query_filename,query_name,query_md5,query_bp
20360000,0.023092278377642682,0.15825884181888847,0.023092278377642682,0.023092278377642682,,,,GCA_022457215.1.fna,input_sig/GCA_022457215.1.fna.k51.sig,61a8610e5b1824da60ba94cea13b0942,0.15825884181888847,20360000,0,12060000,11231.4.197613.CCGTCC.fastq.gz.abundtrim,,25715c96,881680000
4190000,0.004752291080664187,0.8621399176954733,0.004752291080664187,0.004752291080664187,,,,GCF_011044475.1.fna,input_sig/GCF_011044475.1.fna.k51.sig,0a3a4ba8cd342941787f000be36b100e,0.8621399176954733,4190000,1,7870000,11231.4.197613.CCGTCC.fastq.gz.abundtrim,,25715c96,881680000
10650000,0.012079212412666728,0.024708524975933253,0.002619998185282642,0.002619998185282642,,,,GCA_000382605.1.fna,input_sig/GCA_000382605.1.fna.k51.sig,f8d0f4c8aeaf1197cd6a346e63a4192c,0.11391592683709488,2310000,2,5560000,11231.4.197613.CCGTCC.fastq.gz.abundtrim,,25715c96,881680000
2150000,0.0024385264495054896,0.5058823529411764,0.0024385264495054896,0.0024385264495054896,,,,GCA_002928325.1.fna,input_sig/GCA_002928325.1.fna.k51.sig,a79ac191490384b6201aa780a4f57d89,0.5058823529411764,2150000,3,3410000,11231.4.197613.CCGTCC.fastq.gz.abundtrim,,25715c96,881680000
1460000,0.0016559295889665186,0.17569193742478942,0.0016559295889665186,0.0016559295889665186,,,,GCA_011753045.1.fna,input_sig/GCA_011753045.1.fna.k51.sig,7b878cd72981707a942b35d7c2904ac8,0.17569193742478942,1460000,4,1950000,11231.4.197613.CCGTCC.fastq.gz.abundtrim,,25715c96,881680000
870000,0.0009867525632882678,0.17611336032388664,0.0009867525632882678,0.0009867525632882678,,,,GCA_011752745.1.fna,input_sig/GCA_011752745.1.fna.k51.sig,e9ee7271a108a5cb0d4a949cda15c65f,0.17611336032388664,870000,5,1080000,11231.4.197613.CCGTCC.fastq.gz.abundtrim,,25715c96,881680000
600000,0.0006805190091643227,0.05874316939890711,0.0004877052899010979,0.0004877052899010979,,,,GCA_011753085.1.fna,input_sig/GCA_011753085.1.fna.k51.sig,3017937ecd1c380344c7c1062832e2f7,0.08196721311475409,430000,6,650000,11231.4.197613.CCGTCC.fastq.gz.abundtrim,,25715c96,881680000
1960000,0.002223028763270121,0.02457002457002457,0.00011341983486072044,0.00011341983486072044,,,,GCA_011752675.1.fna,input_sig/GCA_011752675.1.fna.k51.sig,684003673069dd77e08162eee740329b,0.48157248157248156,100000,7,550000,11231.4.197613.CCGTCC.fastq.gz.abundtrim,,25715c96,881680000
140000,0.0001587877688050086,0.014989293361884369,7.93938844025043e-05,7.93938844025043e-05,,,,GCA_011752845.1.fna,input_sig/GCA_011752845.1.fna.k51.sig,04760ff86fa214b2a2b4772ac5a1949f,0.029978586723768737,70000,8,480000,11231.4.197613.CCGTCC.fastq.gz.abundtrim,,25715c96,881680000
90000,0.0001020778513746484,0.009633911368015413,5.670991743036022e-05,5.670991743036022e-05,,,,GCA_002928355.1.fna,input_sig/GCA_002928355.1.fna.k51.sig,faaad7ff39d4b3a81d3e732c46e191be,0.017341040462427744,50000,9,430000,11231.4.197613.CCGTCC.fastq.gz.abundtrim,,25715c96,881680000
50000,5.670991743036022e-05,0.008488964346349746,5.670991743036022e-05,5.670991743036022e-05,,,,GCA_011753195.1.fna,input_sig/GCA_011753195.1.fna.k51.sig,90bbfc5c2318e31fec02b8e44dbfdc01,0.008488964346349746,50000,10,380000,11231.4.197613.CCGTCC.fastq.gz.abundtrim,,25715c96,881680000
70000,7.93938844025043e-05,0.007168458781362007,4.536793394428818e-05,4.536793394428818e-05,,,,GCA_011752715.1.fna,input_sig/GCA_011752715.1.fna.k51.sig,3f9535a0c8ccbf51c0959fa59f2f6024,0.012544802867383513,40000,11,340000,11231.4.197613.CCGTCC.fastq.gz.abundtrim,,25715c96,881680000
40000,4.536793394428818e-05,0.005997001499250375,4.536793394428818e-05,4.536793394428818e-05,,,,GCA_011752945.1.fna,input_sig/GCA_011752945.1.fna.k51.sig,231cbdcc552fc7bc7453e646a626c502,0.005997001499250375,40000,12,300000,11231.4.197613.CCGTCC.fastq.gz.abundtrim,,25715c96,881680000
50000,5.670991743036022e-05,0.004878048780487805,4.536793394428818e-05,4.536793394428818e-05,,,,GCA_011753035.1.fna,input_sig/GCA_011753035.1.fna.k51.sig,f9a0dfd9f50bda0dd83817be051e39cf,0.006097560975609756,40000,13,260000,11231.4.197613.CCGTCC.fastq.gz.abundtrim,,25715c96,881680000
40000,4.536793394428818e-05,0.009732360097323601,4.536793394428818e-05,4.536793394428818e-05,,,,GCA_011753255.1.fna,input_sig/GCA_011753255.1.fna.k51.sig,2267779531016036abfee16cf279733c,0.009732360097323601,40000,14,220000,11231.4.197613.CCGTCC.fastq.gz.abundtrim,,25715c96,881680000
30000,3.402595045821613e-05,0.0006619593998234775,3.402595045821613e-05,3.402595045821613e-05,,,,GCF_900067095.1_F._proliferatum_ET1_version_1_genomic.fna,input_sig/GCF_900067095.1_F._proliferatum_ET1_version_1_genomic.fna.k51.sig,30f69fb9f5521b19460cff41a8e8e8ad,0.0006619593998234775,30000,15,190000,11231.4.197613.CCGTCC.fastq.gz.abundtrim,,25715c96,881680000
60000,6.805190091643227e-05,0.0007199424046076314,2.268396697214409e-05,2.268396697214409e-05,,,,ICBG2047.fna,input_sig/ICBG2047.fna.k51.sig,731bd2168ec0e826ecdc9dd777c6936e,0.0021598272138228943,20000,16,170000,11231.4.197613.CCGTCC.fastq.gz.abundtrim,,25715c96,881680000
90000,0.0001020778513746484,0.001838235294117647,1.1341983486072045e-05,1.1341983486072045e-05,,,,GCA_002928365.1.fna,input_sig/GCA_002928365.1.fna.k51.sig,491c7c35d5b8bd48b204845fe4dd6ed2,0.016544117647058824,10000,17,160000,11231.4.197613.CCGTCC.fastq.gz.abundtrim,,25715c96,881680000
80000,9.073586788857636e-05,0.001834862385321101,1.1341983486072045e-05,1.1341983486072045e-05,,,,GCA_011752515.1.fna,input_sig/GCA_011752515.1.fna.k51.sig,5ff02c7c8a39597507e8ab1bf06be035,0.014678899082568808,10000,18,150000,11231.4.197613.CCGTCC.fastq.gz.abundtrim,,25715c96,881680000
20000,2.268396697214409e-05,0.0018450184501845018,1.1341983486072045e-05,1.1341983486072045e-05,,,,GCA_011752615.1.fna,input_sig/GCA_011752615.1.fna.k51.sig,750376065720fabd488ec578a7042a9d,0.0036900369003690036,10000,19,140000,11231.4.197613.CCGTCC.fastq.gz.abundtrim,,25715c96,881680000
100000,0.00011341983486072044,0.001937984496124031,1.1341983486072045e-05,1.1341983486072045e-05,,,,GCA_011752635.1.fna,input_sig/GCA_011752635.1.fna.k51.sig,dea459ea695d83936aaf965dce2796cc,0.01937984496124031,10000,20,130000,11231.4.197613.CCGTCC.fastq.gz.abundtrim,,25715c96,881680000
30000,3.402595045821613e-05,0.0017482517482517483,1.1341983486072045e-05,1.1341983486072045e-05,,,,GCA_011752685.1.fna,input_sig/GCA_011752685.1.fna.k51.sig,5effad1723a84a98ceb21c3cc914f5a7,0.005244755244755245,10000,21,120000,11231.4.197613.CCGTCC.fastq.gz.abundtrim,,25715c96,881680000
70000,7.93938844025043e-05,0.0020491803278688526,1.1341983486072045e-05,1.1341983486072045e-05,,,,GCA_011752765.1.fna,input_sig/GCA_011752765.1.fna.k51.sig,322a110ddebb8f27ed5fd5487c6dd109,0.014344262295081968,10000,22,110000,11231.4.197613.CCGTCC.fastq.gz.abundtrim,,25715c96,881680000
10000,1.1341983486072045e-05,0.0012285012285012285,1.1341983486072045e-05,1.1341983486072045e-05,,,,GCA_011753055.1.fna,input_sig/GCA_011753055.1.fna.k51.sig,45f831a8998afb204d0220c3b1fc2784,0.0012285012285012285,10000,23,100000,11231.4.197613.CCGTCC.fastq.gz.abundtrim,,25715c96,881680000
10000,1.1341983486072045e-05,0.0011376564277588168,1.1341983486072045e-05,1.1341983486072045e-05,,,,GCF_000181695.1_ASM18169v1_genomic.fna,input_sig/GCF_000181695.1_ASM18169v1_genomic.fna.k51.sig,60ae9c0d97a7cab16cbac04d5260dc41,0.0011376564277588168,10000,24,90000,11231.4.197613.CCGTCC.fastq.gz.abundtrim,,25715c96,881680000
10000,1.1341983486072045e-05,0.00011627906976744187,1.1341983486072045e-05,1.1341983486072045e-05,,,,GCF_000204055.1_v1.0_genomic.fna,input_sig/GCF_000204055.1_v1.0_genomic.fna.k51.sig,45eea9709d399779d55d88529da886b7,0.00011627906976744187,10000,25,80000,11231.4.197613.CCGTCC.fastq.gz.abundtrim,,25715c96,881680000
10000,1.1341983486072045e-05,0.0002844141069397042,1.1341983486072045e-05,1.1341983486072045e-05,,,,GCF_001204775.2_ASM120477v2_genomic.fna,input_sig/GCF_001204775.2_ASM120477v2_genomic.fna.k51.sig,9f75e5172cd1b426be52ec2a1abe589c,0.0002844141069397042,10000,26,70000,11231.4.197613.CCGTCC.fastq.gz.abundtrim,,25715c96,881680000
10000,1.1341983486072045e-05,0.00032362459546925567,1.1341983486072045e-05,1.1341983486072045e-05,,,,GCF_001299255.1_ASM129925v1_genomic.fna,input_sig/GCF_001299255.1_ASM129925v1_genomic.fna.k51.sig,96dd5e4f35e588f3cadb3f954abdfc51,0.00032362459546925567,10000,27,60000,11231.4.197613.CCGTCC.fastq.gz.abundtrim,,25715c96,881680000
10000,1.1341983486072045e-05,0.00020403999183840033,1.1341983486072045e-05,1.1341983486072045e-05,,,,GCF_001831195.1_CORC01_genomic.fna,input_sig/GCF_001831195.1_CORC01_genomic.fna.k51.sig,e45774aaf2bf5ce65102588bf9f787a0,0.00020403999183840033,10000,28,50000,11231.4.197613.CCGTCC.fastq.gz.abundtrim,,25715c96,881680000
10000,1.1341983486072045e-05,0.0013679890560875513,1.1341983486072045e-05,1.1341983486072045e-05,,,,GCF_003290485.1_ASM329048v1_genomic.fna,input_sig/GCF_003290485.1_ASM329048v1_genomic.fna.k51.sig,4a6141005d6c5a12249a62e2f60b41af,0.0013679890560875513,10000,29,40000,11231.4.197613.CCGTCC.fastq.gz.abundtrim,,25715c96,881680000
10000,1.1341983486072045e-05,0.00023255813953488373,1.1341983486072045e-05,1.1341983486072045e-05,,,,GCF_012971845.1_ASM1297184v1_genomic.fna,input_sig/GCF_012971845.1_ASM1297184v1_genomic.fna.k51.sig,8110f51340ecb91eeb632f1e8640b4a6,0.00023255813953488373,10000,30,30000,11231.4.197613.CCGTCC.fastq.gz.abundtrim,,25715c96,881680000
30000,3.402595045821613e-05,0.000343878954607978,1.1341983486072045e-05,1.1341983486072045e-05,,,,ICBG2046.fna,input_sig/ICBG2046.fna.k51.sig,b78f627e07f6ed1f8804e5e6856012a2,0.0010316368638239339,10000,31,20000,11231.4.197613.CCGTCC.fastq.gz.abundtrim,,25715c96,881680000
20000,2.268396697214409e-05,0.0003861003861003861,1.1341983486072045e-05,1.1341983486072045e-05,,,,ICBG2048.fna,input_sig/ICBG2048.fna.k51.sig,3b59f034310286afdb6320291b2d38d5,0.0007722007722007722,10000,32,10000,11231.4.197613.CCGTCC.fastq.gz.abundtrim,,25715c96,881680000
10000,1.1341983486072045e-05,0.00025290844714213456,1.1341983486072045e-05,1.1341983486072045e-05,,,,ICBG710.fna,input_sig/ICBG710.fna.k51.sig,ef35e7abbed70a4fc93eab4dd93f4735,0.00025290844714213456,10000,33,0,11231.4.197613.CCGTCC.fastq.gz.abundtrim,,25715c96,881680000
