intersect_bp,f_orig_query,f_match,f_unique_to_query,f_unique_weighted,average_abund,median_abund,std_abund,name,filename,md5,f_match_orig,unique_intersect_bp,gather_result_rank,remaining_bp,query_filename,query_name,query_md5,query_bp
13290000,0.024827199701102184,0.10330353672755538,0.024827199701102184,0.024827199701102184,,,,GCA_022457215.1.fna,input_sig/GCA_022457215.1.fna.k51.sig,61a8610e5b1824da60ba94cea13b0942,0.10330353672755538,13290000,0,6480000,11231.4.197613.ATGTCA.fastq.gz.abundtrim,,277f9883,535300000
2920000,0.005454885111152625,0.6008230452674898,0.005454885111152625,0.005454885111152625,,,,GCF_011044475.1.fna,input_sig/GCF_011044475.1.fna.k51.sig,0a3a4ba8cd342941787f000be36b100e,0.6008230452674898,2920000,1,3560000,11231.4.197613.ATGTCA.fastq.gz.abundtrim,,277f9883,535300000
8030000,0.015000934055669718,0.018397689592469783,0.0032131515038296282,0.0032131515038296282,,,,GCA_000382605.1.fna,input_sig/GCA_000382605.1.fna.k51.sig,f8d0f4c8aeaf1197cd6a346e63a4192c,0.0858915392020537,1720000,2,1840000,11231.4.197613.ATGTCA.fastq.gz.abundtrim,,277f9883,535300000
610000,0.0011395479170558565,0.14352941176470588,0.0011395479170558565,0.0011395479170558565,,,,GCA_002928325.1.fna,input_sig/GCA_002928325.1.fna.k51.sig,a79ac191490384b6201aa780a4f57d89,0.14352941176470588,610000,3,1230000,11231.4.197613.ATGTCA.fastq.gz.abundtrim,,277f9883,535300000
580000,0.0010835045768727816,0.07923497267759563,0.0010835045768727816,0.0010835045768727816,,,,GCA_011753085.1.fna,input_sig/GCA_011753085.1.fna.k51.sig,3017937ecd1c380344c7c1062832e2f7,0.07923497267759563,580000,4,650000,11231.4.197613.ATGTCA.fastq.gz.abundtrim,,277f9883,535300000
380000,0.0007098823089856155,0.02527075812274368,0.00039230338128152435,0.00039230338128152435,,,,GCA_011753045.1.fna,input_sig/GCA_011753045.1.fna.k51.sig,7b878cd72981707a942b35d7c2904ac8,0.0457280385078219,210000,5,440000,11231.4.197613.ATGTCA.fastq.gz.abundtrim,,277f9883,535300000
170000,0.0003175789277040912,0.02867383512544803,0.0002988978143097329,0.0002988978143097329,,,,GCA_011752715.1.fna,input_sig/GCA_011752715.1.fna.k51.sig,3f9535a0c8ccbf51c0959fa59f2f6024,0.03046594982078853,160000,6,280000,11231.4.197613.ATGTCA.fastq.gz.abundtrim,,277f9883,535300000
50000,9.340556697179151e-05,0.008097165991902834,7.472445357743322e-05,7.472445357743322e-05,,,,GCA_011752745.1.fna,input_sig/GCA_011752745.1.fna.k51.sig,e9ee7271a108a5cb0d4a949cda15c65f,0.010121457489878543,40000,7,240000,11231.4.197613.ATGTCA.fastq.gz.abundtrim,,277f9883,535300000
30000,5.604334018307491e-05,0.0036855036855036856,5.604334018307491e-05,5.604334018307491e-05,,,,GCA_011753055.1.fna,input_sig/GCA_011753055.1.fna.k51.sig,45f831a8998afb204d0220c3b1fc2784,0.0036855036855036856,30000,8,210000,11231.4.197613.ATGTCA.fastq.gz.abundtrim,,277f9883,535300000
70000,0.00013076779376050812,0.0010799136069114472,5.604334018307491e-05,5.604334018307491e-05,,,,ICBG2047.fna,input_sig/ICBG2047.fna.k51.sig,731bd2168ec0e826ecdc9dd777c6936e,0.0025197984161267097,30000,9,180000,11231.4.197613.ATGTCA.fastq.gz.abundtrim,,277f9883,535300000
20000,3.736222678871661e-05,0.002976190476190476,3.736222678871661e-05,3.736222678871661e-05,,,,GCA_011752535.1.fna,input_sig/GCA_011752535.1.fna.k51.sig,5618546d027b1a0040b6bff7a67cfa3d,0.002976190476190476,20000,10,160000,11231.4.197613.ATGTCA.fastq.gz.abundtrim,,277f9883,535300000
570000,0.0010648234634784233,0.004914004914004914,3.736222678871661e-05,3.736222678871661e-05,,,,GCA_011752675.1.fna,input_sig/GCA_011752675.1.fna.k51.sig,684003673069dd77e08162eee740329b,0.14004914004914004,20000,11,140000,11231.4.197613.ATGTCA.fastq.gz.abundtrim,,277f9883,535300000
160000,0.0002988978143097329,0.0038240917782026767,3.736222678871661e-05,3.736222678871661e-05,,,,GCA_011752755.1.fna,input_sig/GCA_011752755.1.fna.k51.sig,c2868438784822e8695b601a78d105d3,0.030592734225621414,20000,12,120000,11231.4.197613.ATGTCA.fastq.gz.abundtrim,,277f9883,535300000
20000,3.736222678871661e-05,0.000441306266548985,3.736222678871661e-05,3.736222678871661e-05,,,,GCF_900067095.1_F._proliferatum_ET1_version_1_genomic.fna,input_sig/GCF_900067095.1_F._proliferatum_ET1_version_1_genomic.fna.k51.sig,30f69fb9f5521b19460cff41a8e8e8ad,0.000441306266548985,20000,13,100000,11231.4.197613.ATGTCA.fastq.gz.abundtrim,,277f9883,535300000
20000,3.736222678871661e-05,0.0012422360248447205,1.8681113394358305e-05,1.8681113394358305e-05,,,,GCA_011752985.1.fna,input_sig/GCA_011752985.1.fna.k51.sig,2163b024cf1f98114e733c6a4cb9f03d,0.002484472049689441,10000,14,90000,11231.4.197613.ATGTCA.fastq.gz.abundtrim,,277f9883,535300000
10000,1.8681113394358305e-05,0.002793296089385475,1.8681113394358305e-05,1.8681113394358305e-05,,,,GCA_011753235.1.fna,input_sig/GCA_011753235.1.fna.k51.sig,f7337aa93ac767847d1e1e7f22ac5c16,0.002793296089385475,10000,15,80000,11231.4.197613.ATGTCA.fastq.gz.abundtrim,,277f9883,535300000
10000,1.8681113394358305e-05,0.0024330900243309003,1.8681113394358305e-05,1.8681113394358305e-05,,,,GCA_011753255.1.fna,input_sig/GCA_011753255.1.fna.k51.sig,2267779531016036abfee16cf279733c,0.0024330900243309003,10000,16,70000,11231.4.197613.ATGTCA.fastq.gz.abundtrim,,277f9883,535300000
10000,1.8681113394358305e-05,0.00028538812785388126,1.8681113394358305e-05,1.8681113394358305e-05,,,,GCF_000230375.1_ASM23037v1_genomic.fna,input_sig/GCF_000230375.1_ASM23037v1_genomic.fna.k51.sig,baa0a5de9a4c915b0a084549513f9f6c,0.00028538812785388126,10000,17,60000,11231.4.197613.ATGTCA.fastq.gz.abundtrim,,277f9883,535300000
10000,1.8681113394358305e-05,0.00020403999183840033,1.8681113394358305e-05,1.8681113394358305e-05,,,,GCF_001831195.1_CORC01_genomic.fna,input_sig/GCF_001831195.1_CORC01_genomic.fna.k51.sig,e45774aaf2bf5ce65102588bf9f787a0,0.00020403999183840033,10000,18,50000,11231.4.197613.ATGTCA.fastq.gz.abundtrim,,277f9883,535300000
10000,1.8681113394358305e-05,0.0013679890560875513,1.8681113394358305e-05,1.8681113394358305e-05,,,,GCF_003290485.1_ASM329048v1_genomic.fna,input_sig/GCF_003290485.1_ASM329048v1_genomic.fna.k51.sig,4a6141005d6c5a12249a62e2f60b41af,0.0013679890560875513,10000,19,40000,11231.4.197613.ATGTCA.fastq.gz.abundtrim,,277f9883,535300000
170000,0.0003175789277040912,0.0018083182640144665,1.8681113394358305e-05,1.8681113394358305e-05,,,,GCF_009648975.1.fna,input_sig/GCF_009648975.1.fna.k51.sig,23562a2acc2d90fe535110e38d33904a,0.03074141048824593,10000,20,30000,11231.4.197613.ATGTCA.fastq.gz.abundtrim,,277f9883,535300000
10000,1.8681113394358305e-05,0.00023255813953488373,1.8681113394358305e-05,1.8681113394358305e-05,,,,GCF_012971845.1_ASM1297184v1_genomic.fna,input_sig/GCF_012971845.1_ASM1297184v1_genomic.fna.k51.sig,8110f51340ecb91eeb632f1e8640b4a6,0.00023255813953488373,10000,21,20000,11231.4.197613.ATGTCA.fastq.gz.abundtrim,,277f9883,535300000
10000,1.8681113394358305e-05,0.0003059975520195838,1.8681113394358305e-05,1.8681113394358305e-05,,,,GCF_014466165.1_ASM1446616v1_genomic.fna,input_sig/GCF_014466165.1_ASM1446616v1_genomic.fna.k51.sig,47bd9d25f3f1e67d2a1dcb82da2bac1d,0.0003059975520195838,10000,22,10000,11231.4.197613.ATGTCA.fastq.gz.abundtrim,,277f9883,535300000
30000,5.604334018307491e-05,0.000343878954607978,1.8681113394358305e-05,1.8681113394358305e-05,,,,ICBG2046.fna,input_sig/ICBG2046.fna.k51.sig,b78f627e07f6ed1f8804e5e6856012a2,0.0010316368638239339,10000,23,0,11231.4.197613.ATGTCA.fastq.gz.abundtrim,,277f9883,535300000
