intersect_bp,f_orig_query,f_match,f_unique_to_query,f_unique_weighted,average_abund,median_abund,std_abund,name,filename,md5,f_match_orig,unique_intersect_bp,gather_result_rank,remaining_bp,query_filename,query_name,query_md5,query_bp
1850000,0.0010519193263167472,0.5167597765363129,0.0010519193263167472,0.0010519193263167472,,,,GCA_011753235.1.fna,input_sig/GCA_011753235.1.fna.k51.sig,f7337aa93ac767847d1e1e7f22ac5c16,0.5167597765363129,1850000,0,1280000,11231.6.197619.GTGGCC.fastq.gz.abundtrim,,8759887c,1758690000
280000,0.00015920941155064282,0.05761316872427984,0.00015920941155064282,0.00015920941155064282,,,,GCF_011044475.1.fna,input_sig/GCF_011044475.1.fna.k51.sig,0a3a4ba8cd342941787f000be36b100e,0.05761316872427984,280000,1,1000000,11231.6.197619.GTGGCC.fastq.gz.abundtrim,,8759887c,1758690000
250000,0.00014215126031307394,0.00194325689856199,0.00014215126031307394,0.00014215126031307394,,,,GCA_022457215.1.fna,input_sig/GCA_022457215.1.fna.k51.sig,61a8610e5b1824da60ba94cea13b0942,0.00194325689856199,250000,2,750000,11231.6.197619.GTGGCC.fastq.gz.abundtrim,,8759887c,1758690000
220000,0.00012509310907550506,0.047109207708779445,0.00012509310907550506,0.00012509310907550506,,,,GCA_011752845.1.fna,input_sig/GCA_011752845.1.fna.k51.sig,04760ff86fa214b2a2b4772ac5a1949f,0.047109207708779445,220000,3,530000,11231.6.197619.GTGGCC.fastq.gz.abundtrim,,8759887c,1758690000
140000,7.960470577532141e-05,0.03294117647058824,7.960470577532141e-05,7.960470577532141e-05,,,,GCA_002928325.1.fna,input_sig/GCA_002928325.1.fna.k51.sig,a79ac191490384b6201aa780a4f57d89,0.03294117647058824,140000,4,390000,11231.6.197619.GTGGCC.fastq.gz.abundtrim,,8759887c,1758690000
50000,2.8430252062614786e-05,0.0040453074433656954,2.8430252062614786e-05,2.8430252062614786e-05,,,,GCF_000003835.1_ASM383v1_genomic.fna,input_sig/GCF_000003835.1_ASM383v1_genomic.fna.k51.sig,a09f43e4823c1bc3f62be4b5f5e5f110,0.0040453074433656954,50000,5,340000,11231.6.197619.GTGGCC.fastq.gz.abundtrim,,8759887c,1758690000
40000,2.2744201650091828e-05,0.0012030075187969924,2.2744201650091828e-05,2.2744201650091828e-05,,,,GCF_004154835.1_ASM415483v1_genomic.fna,input_sig/GCF_004154835.1_ASM415483v1_genomic.fna.k51.sig,197542d2b8c3580e904a6f39b2c5ea54,0.0012030075187969924,40000,6,300000,11231.6.197619.GTGGCC.fastq.gz.abundtrim,,8759887c,1758690000
30000,1.7058151237568874e-05,0.0057361376673040155,1.7058151237568874e-05,1.7058151237568874e-05,,,,GCA_011752755.1.fna,input_sig/GCA_011752755.1.fna.k51.sig,c2868438784822e8695b601a78d105d3,0.0057361376673040155,30000,7,270000,11231.6.197619.GTGGCC.fastq.gz.abundtrim,,8759887c,1758690000
30000,1.7058151237568874e-05,0.0037267080745341614,1.7058151237568874e-05,1.7058151237568874e-05,,,,GCA_011752985.1.fna,input_sig/GCA_011752985.1.fna.k51.sig,2163b024cf1f98114e733c6a4cb9f03d,0.0037267080745341614,30000,8,240000,11231.6.197619.GTGGCC.fastq.gz.abundtrim,,8759887c,1758690000
30000,1.7058151237568874e-05,0.0038535645472061657,1.1372100825045914e-05,1.1372100825045914e-05,,,,GCA_002928355.1.fna,input_sig/GCA_002928355.1.fna.k51.sig,faaad7ff39d4b3a81d3e732c46e191be,0.005780346820809248,20000,9,220000,11231.6.197619.GTGGCC.fastq.gz.abundtrim,,8759887c,1758690000
30000,1.7058151237568874e-05,0.0015772870662460567,1.1372100825045914e-05,1.1372100825045914e-05,,,,GCF_000182765.1_ASM18276v2_genomic.fna,input_sig/GCF_000182765.1_ASM18276v2_genomic.fna.k51.sig,05169088a30c70a3681614588e567939,0.002365930599369085,20000,10,200000,11231.6.197619.GTGGCC.fastq.gz.abundtrim,,8759887c,1758690000
20000,1.1372100825045914e-05,0.0027359781121751026,1.1372100825045914e-05,1.1372100825045914e-05,,,,GCF_003290485.1_ASM329048v1_genomic.fna,input_sig/GCF_003290485.1_ASM329048v1_genomic.fna.k51.sig,4a6141005d6c5a12249a62e2f60b41af,0.0027359781121751026,20000,11,180000,11231.6.197619.GTGGCC.fastq.gz.abundtrim,,8759887c,1758690000
20000,1.1372100825045914e-05,0.000441306266548985,1.1372100825045914e-05,1.1372100825045914e-05,,,,GCF_900067095.1_F._proliferatum_ET1_version_1_genomic.fna,input_sig/GCF_900067095.1_F._proliferatum_ET1_version_1_genomic.fna.k51.sig,30f69fb9f5521b19460cff41a8e8e8ad,0.000441306266548985,20000,12,160000,11231.6.197619.GTGGCC.fastq.gz.abundtrim,,8759887c,1758690000
180000,0.00010234890742541323,0.00010696331158412665,5.686050412522957e-06,5.686050412522957e-06,,,,GCA_000382605.1.fna,input_sig/GCA_000382605.1.fna.k51.sig,f8d0f4c8aeaf1197cd6a346e63a4192c,0.0019253396085142796,10000,13,150000,11231.6.197619.GTGGCC.fastq.gz.abundtrim,,8759887c,1758690000
10000,5.686050412522957e-06,0.0019011406844106464,5.686050412522957e-06,5.686050412522957e-06,,,,GCA_011752525.1.fna,input_sig/GCA_011752525.1.fna.k51.sig,62b7c670149ad2b3502356dab10500b2,0.0019011406844106464,10000,14,140000,11231.6.197619.GTGGCC.fastq.gz.abundtrim,,8759887c,1758690000
20000,1.1372100825045914e-05,0.0008976660682226212,5.686050412522957e-06,5.686050412522957e-06,,,,GCF_000002515.2_ASM251v1_genomic.fna,input_sig/GCF_000002515.2_ASM251v1_genomic.fna.k51.sig,2986809d76cc4cb8277341d69efdf0f2,0.0017953321364452424,10000,15,130000,11231.6.197619.GTGGCC.fastq.gz.abundtrim,,8759887c,1758690000
10000,5.686050412522957e-06,0.0011376564277588168,5.686050412522957e-06,5.686050412522957e-06,,,,GCF_000181695.1_ASM18169v1_genomic.fna,input_sig/GCF_000181695.1_ASM18169v1_genomic.fna.k51.sig,60ae9c0d97a7cab16cbac04d5260dc41,0.0011376564277588168,10000,16,120000,11231.6.197619.GTGGCC.fastq.gz.abundtrim,,8759887c,1758690000
10000,5.686050412522957e-06,0.00027586206896551725,5.686050412522957e-06,5.686050412522957e-06,,,,GCF_000226115.1_ASM22611v1_genomic.fna,input_sig/GCF_000226115.1_ASM22611v1_genomic.fna.k51.sig,ae2da29e4eabf36c4d9a8f629b564365,0.00027586206896551725,10000,17,110000,11231.6.197619.GTGGCC.fastq.gz.abundtrim,,8759887c,1758690000
10000,5.686050412522957e-06,0.001736111111111111,5.686050412522957e-06,5.686050412522957e-06,,,,GCF_000988165.1_ASM98816v1_genomic.fna,input_sig/GCF_000988165.1_ASM98816v1_genomic.fna.k51.sig,bd0813b4c83d390470e691f8dc894ff9,0.001736111111111111,10000,18,100000,11231.6.197619.GTGGCC.fastq.gz.abundtrim,,8759887c,1758690000
30000,1.7058151237568874e-05,0.0003061849357011635,5.686050412522957e-06,5.686050412522957e-06,,,,GCF_001642055.1_Altal1_genomic.fna,input_sig/GCF_001642055.1_Altal1_genomic.fna.k51.sig,2c5419dc8960d398213ff62e0bb354e0,0.0009185548071034905,10000,19,90000,11231.6.197619.GTGGCC.fastq.gz.abundtrim,,8759887c,1758690000
10000,5.686050412522957e-06,0.00020403999183840033,5.686050412522957e-06,5.686050412522957e-06,,,,GCF_001831195.1_CORC01_genomic.fna,input_sig/GCF_001831195.1_CORC01_genomic.fna.k51.sig,e45774aaf2bf5ce65102588bf9f787a0,0.00020403999183840033,10000,20,80000,11231.6.197619.GTGGCC.fastq.gz.abundtrim,,8759887c,1758690000
10000,5.686050412522957e-06,0.00028129395218002813,5.686050412522957e-06,5.686050412522957e-06,,,,GCF_003184755.1_Asppip1_genomic.fna,input_sig/GCF_003184755.1_Asppip1_genomic.fna.k51.sig,2c47bd13304f3fdb310a64f10906c694,0.00028129395218002813,10000,21,70000,11231.6.197619.GTGGCC.fastq.gz.abundtrim,,8759887c,1758690000
10000,5.686050412522957e-06,0.000270929287455974,5.686050412522957e-06,5.686050412522957e-06,,,,GCF_009193645.1_Asppsen1_genomic.fna,input_sig/GCF_009193645.1_Asppsen1_genomic.fna.k51.sig,83d636a96126847b5aa2ddaa45f34ede,0.000270929287455974,10000,22,60000,11231.6.197619.GTGGCC.fastq.gz.abundtrim,,8759887c,1758690000
10000,5.686050412522957e-06,0.000395882818685669,5.686050412522957e-06,5.686050412522957e-06,,,,GCF_012550715.1_ASM1255071v1_genomic.fna,input_sig/GCF_012550715.1_ASM1255071v1_genomic.fna.k51.sig,8423baedb6264247b3627c585f706dbd,0.000395882818685669,10000,23,50000,11231.6.197619.GTGGCC.fastq.gz.abundtrim,,8759887c,1758690000
10000,5.686050412522957e-06,0.00023255813953488373,5.686050412522957e-06,5.686050412522957e-06,,,,GCF_012971845.1_ASM1297184v1_genomic.fna,input_sig/GCF_012971845.1_ASM1297184v1_genomic.fna.k51.sig,8110f51340ecb91eeb632f1e8640b4a6,0.00023255813953488373,10000,24,40000,11231.6.197619.GTGGCC.fastq.gz.abundtrim,,8759887c,1758690000
10000,5.686050412522957e-06,0.00019932230416583617,5.686050412522957e-06,5.686050412522957e-06,,,,GCF_014066305.1_Lecol_v1.0_genomic.fna,input_sig/GCF_014066305.1_Lecol_v1.0_genomic.fna.k51.sig,552b6af79ec58ce537071e1ec5448e28,0.00019932230416583617,10000,25,30000,11231.6.197619.GTGGCC.fastq.gz.abundtrim,,8759887c,1758690000
10000,5.686050412522957e-06,0.0003050640634533252,5.686050412522957e-06,5.686050412522957e-06,,,,GCF_018340605.1_Asppvi_assembly01_genomic.fna,input_sig/GCF_018340605.1_Asppvi_assembly01_genomic.fna.k51.sig,49649a6e8b6af7e385570dc3fe6ea295,0.0003050640634533252,10000,26,20000,11231.6.197619.GTGGCC.fastq.gz.abundtrim,,8759887c,1758690000
10000,5.686050412522957e-06,0.000343878954607978,5.686050412522957e-06,5.686050412522957e-06,,,,ICBG2046.fna,input_sig/ICBG2046.fna.k51.sig,b78f627e07f6ed1f8804e5e6856012a2,0.000343878954607978,10000,27,10000,11231.6.197619.GTGGCC.fastq.gz.abundtrim,,8759887c,1758690000
10000,5.686050412522957e-06,0.00036832412523020257,5.686050412522957e-06,5.686050412522957e-06,,,,LGSR00000000.fna,input_sig/LGSR00000000.fna.k51.sig,e62f463342960485b320eabd34d9fd11,0.00036832412523020257,10000,28,0,11231.6.197619.GTGGCC.fastq.gz.abundtrim,,8759887c,1758690000
