intersect_bp,f_orig_query,f_match,f_unique_to_query,f_unique_weighted,average_abund,median_abund,std_abund,name,filename,md5,f_match_orig,unique_intersect_bp,gather_result_rank,remaining_bp,query_filename,query_name,query_md5,query_bp
8181000,0.059372527959010386,0.009735101938333645,0.059372527959010386,0.059372527959010386,,,,GCA_002180455.1_ASM218045v1_genomic.fna.gz,db/sourmash/genbank-2022.08-plant-k31.sbt.zip,d956f9f6a1df8936ddc8a86ff740ca56,0.009735101938333645,8181000,0,11180000,AttbisABBM3_FD_113146.assembled.fna,Ga0157368_1000001,9ce2cb10,137791000
2992000,0.021714045184373434,0.00559855582037426,0.013774484545434753,0.013774484545434753,,,,GCA_002573525.1_SJ18_v1_genomic.fna.gz,db/sourmash/genbank-2022.08-plant-k31.sbt.zip,c6856d9aba99d13739b57ee6a09aa7c2,0.00882554215730231,1898000,1,9282000,AttbisABBM3_FD_113146.assembled.fna,Ga0157368_1000001,9ce2cb10,137791000
1770000,0.012845541435942841,0.003300774153611916,0.012460900929668846,0.012460900929668846,,,,GCA_023376185.1_v1_genomic.fna.gz,db/sourmash/genbank-2022.08-plant-k31.sbt.zip,224c62fd568fb581780bfe68067845a6,0.0034026617658084396,1717000,2,7565000,AttbisABBM3_FD_113146.assembled.fna,Ga0157368_1000001,9ce2cb10,137791000
1535000,0.011140059945860035,0.003763786590868562,0.010109513683767444,0.010109513683767444,,,,GCA_022530915.1_ASM2253091v1_genomic.fna.gz,db/sourmash/genbank-2022.08-plant-k31.sbt.zip,8c4f4903b390fb6b329e8ed3eee665ca,0.004147460457274403,1393000,3,6172000,AttbisABBM3_FD_113146.assembled.fna,Ga0157368_1000001,9ce2cb10,137791000
2631000,0.01909413532088453,0.0018988237179104756,0.008084707999796794,0.008084707999796794,,,,GCA_002813485.1_ASM281348v1_genomic.fna.gz,db/sourmash/genbank-2022.08-plant-k31.sbt.zip,552dccd73e76599a21f769da83fc9f08,0.004484564813126088,1114000,4,5058000,AttbisABBM3_FD_113146.assembled.fna,Ga0157368_1000001,9ce2cb10,137791000
3162000,0.02294779775166738,0.0006113023309282464,0.006560660710786626,0.006560660710786626,,,,GCA_021461685.1_ASM2146168v1_genomic.fna.gz,db/sourmash/genbank-2022.08-plant-k31.sbt.zip,2a21ee2ea96dab2ed61840693100701d,0.0021382057194636226,904000,5,4154000,AttbisABBM3_FD_113146.assembled.fna,Ga0157368_1000001,9ce2cb10,137791000
1397000,0.010138543155939067,0.00016395294186228682,0.005878468114753503,0.005878468114753503,,,,GCA_014338645.1_ASM1433864v1_genomic.fna.gz,db/sourmash/genbank-2022.08-plant-k31.sbt.zip,b404ebeeb8c725b1bf7e86a81b3eeac0,0.0002827682219526107,810000,6,3344000,AttbisABBM3_FD_113146.assembled.fna,Ga0157368_1000001,9ce2cb10,137791000
1608000,0.01166984781299214,0.0013715727456953821,0.0037085150699247412,0.0037085150699247412,,,,GCA_009867345.1_ASM986734v1_genomic.fna.gz,db/sourmash/genbank-2022.08-plant-k31.sbt.zip,e634882be6ebe1736bb645a200a7bf3e,0.004316025391542415,511000,7,2833000,AttbisABBM3_FD_113146.assembled.fna,Ga0157368_1000001,9ce2cb10,137791000
548000,0.003977037687512247,0.001527241927792802,0.0033238745636507464,0.0033238745636507464,,,,GCA_003254925.1_ASM325492v1_genomic.fna.gz,db/sourmash/genbank-2022.08-plant-k31.sbt.zip,73a901abe080a83f6c433d60ffaeb5b4,0.0018273549703721735,458000,8,2375000,AttbisABBM3_FD_113146.assembled.fna,Ga0157368_1000001,9ce2cb10,137791000
753000,0.005464798136307887,0.0002958065640987994,0.0019885188437561234,0.0019885188437561234,,,,GCA_020205505.1_ASM2020550v1_genomic.fna.gz,db/sourmash/genbank-2022.08-plant-k31.sbt.zip,a28aa180c80267d8c07248dfab45d404,0.0008129282582715181,274000,9,2101000,AttbisABBM3_FD_113146.assembled.fna,Ga0157368_1000001,9ce2cb10,137791000
306000,0.0022207546211291014,0.0014132489213923374,0.0017853125385547677,0.0017853125385547677,,,,GCA_000512025.1_FNI_r1.1_genomic.fna.gz,db/sourmash/genbank-2022.08-plant-k31.sbt.zip,c031cdca2d3bb9f9e0cfa19960e9ff9a,0.0017579437802685172,246000,10,1855000,AttbisABBM3_FD_113146.assembled.fna,Ga0157368_1000001,9ce2cb10,137791000
510000,0.0037012577018818355,0.00016529152036236285,0.0013135836157659063,0.0013135836157659063,,,,GCA_003544955.1_Sspon.HiC_chr_asm_genomic.fna.gz,db/sourmash/genbank-2022.08-plant-k31.sbt.zip,59e0fb7f42cf48af6ae0dfc05ba0f358,0.000465738538037597,181000,11,1674000,AttbisABBM3_FD_113146.assembled.fna,Ga0157368_1000001,9ce2cb10,137791000
804000,0.00583492390649607,0.000392035031658678,0.001153921518821984,0.001153921518821984,,,,GCA_010261695.1_La_Amiga3.1_genomic.fna.gz,db/sourmash/genbank-2022.08-plant-k31.sbt.zip,73767c04d625fb0443ae1675113386f4,0.001982365820462749,159000,12,1515000,AttbisABBM3_FD_113146.assembled.fna,Ga0157368_1000001,9ce2cb10,137791000
646000,0.004688259755716992,0.0004584813241404926,0.0011466641507790784,0.0011466641507790784,,,,GCA_000347275.4_ASM34727v4_genomic.fna.gz,db/sourmash/genbank-2022.08-plant-k31.sbt.zip,7ca050c5581e315942732647bbc664af,0.0018745502240174571,158000,13,1357000,AttbisABBM3_FD_113146.assembled.fna,Ga0157368_1000001,9ce2cb10,137791000
680000,0.004935010269175781,0.0003845234251177603,0.0011321494146932674,0.0011321494146932674,,,,GCA_003482435.1_Corteva_Sorghum_ONT_TX430_1.0_genomic.fna.gz,db/sourmash/genbank-2022.08-plant-k31.sbt.zip,5a5c647771a72abd22a15d39df45edf2,0.0016761277505133142,156000,14,1201000,AttbisABBM3_FD_113146.assembled.fna,Ga0157368_1000001,9ce2cb10,137791000
271000,0.0019667467396274067,0.0003996510872247186,0.0008345973249341393,0.0008345973249341393,,,,GCA_002141455.1_Co_S7_2014_genomic.fna.gz,db/sourmash/genbank-2022.08-plant-k31.sbt.zip,a1af95f9e475528b31792ecebfb4d3db,0.000941786475112163,115000,15,1086000,AttbisABBM3_FD_113146.assembled.fna,Ga0157368_1000001,9ce2cb10,137791000
497000,0.0036069119173240635,0.00029948067328700457,0.0006386483877756893,0.0006386483877756893,,,,GCA_019338905.1_ASM1933890v1_genomic.fna.gz,db/sourmash/genbank-2022.08-plant-k31.sbt.zip,8d6effdaf6563113fe51ad7fe9186093,0.0016913851661777418,88000,16,998000,AttbisABBM3_FD_113146.assembled.fna,Ga0157368_1000001,9ce2cb10,137791000
555000,0.0040278392638125856,0.00041212173112535995,0.0005588173393037281,0.0005588173393037281,,,,GCA_900006705.1_sca_genomic.fna.gz,db/sourmash/genbank-2022.08-plant-k31.sbt.zip,c8bf25d7967b207db9f02751b9564677,0.002970487802267205,77000,17,921000,AttbisABBM3_FD_113146.assembled.fna,Ga0157368_1000001,9ce2cb10,137791000
516000,0.003744801910139269,1.174028249161463e-05,0.0005007583949604836,0.0005007583949604836,,,,GCA_004151065.1_LarixSibirica0.1_genomic.fna.gz,db/sourmash/genbank-2022.08-plant-k31.sbt.zip,b309a98d23e9e98a80fb2411d43bd10d,8.779689515468333e-05,69000,18,852000,AttbisABBM3_FD_113146.assembled.fna,Ga0157368_1000001,9ce2cb10,137791000
627000,0.004550369762901786,0.00015042554595236525,0.0004136699784456169,0.0004136699784456169,,,,GCA_009936405.1_ASM993640v1_genomic.fna.gz,db/sourmash/genbank-2022.08-plant-k31.sbt.zip,30b2405466d3e463ee999d369e6079cd,0.0016546810054760177,57000,19,795000,AttbisABBM3_FD_113146.assembled.fna,Ga0157368_1000001,9ce2cb10,137791000
334000,0.002423960926330457,6.522164488988412e-05,0.0003265815619307502,0.0003265815619307502,,,,GCA_020010975.1_BSMRAU-JF-1_genomic.fna.gz,db/sourmash/genbank-2022.08-plant-k31.sbt.zip,f253c46224ea374d0db54d83587531ca,0.0004840895420715844,45000,20,750000,AttbisABBM3_FD_113146.assembled.fna,Ga0157368_1000001,9ce2cb10,137791000
90000,0.0006531631238615004,8.787346221441125e-05,0.00029755208975912795,0.00029755208975912795,,,,GCA_017589505.1_ASM1758950v1_genomic.fna.gz,db/sourmash/genbank-2022.08-plant-k31.sbt.zip,13b316f22c0f3aceff01cbf3478de0b8,0.0001928929658365125,41000,21,709000,AttbisABBM3_FD_113146.assembled.fna,Ga0157368_1000001,9ce2cb10,137791000
457000,0.0033166171956078407,2.102956433213339e-05,0.00028303735367331685,0.00028303735367331685,,,,GCA_910594505.1_hordeum_vulgare_accession_hor_337_contigs_genomic.fna.gz,db/sourmash/genbank-2022.08-plant-k31.sbt.zip,84cf0563c97674146150abf4f478ae67,0.00024642335640474253,39000,22,670000,AttbisABBM3_FD_113146.assembled.fna,Ga0157368_1000001,9ce2cb10,137791000
197000,0.0014297015044523952,4.514051403695873e-06,0.0002540078815016946,0.0002540078815016946,,,,GCA_024346515.1_shallot_DHA_v1_genomic.fna.gz,db/sourmash/genbank-2022.08-plant-k31.sbt.zip,a4534bb31e68273bd66fc458c95be41a,2.5407660757945344e-05,35000,23,635000,AttbisABBM3_FD_113146.assembled.fna,Ga0157368_1000001,9ce2cb10,137791000
200000,0.001451473608581112,5.538983857120282e-05,0.00024675051345878906,0.00024675051345878906,,,,GCA_018493915.1_araca.K10017.gnm1.DQ4M_genomic.fna.gz,db/sourmash/genbank-2022.08-plant-k31.sbt.zip,6df040e944ac2c13fc4f1a59a1d5e082,0.00032582257983060483,34000,24,601000,AttbisABBM3_FD_113146.assembled.fna,Ga0157368_1000001,9ce2cb10,137791000
520000,0.0037738313823108913,2.118548688221134e-05,0.0002322357773729779,0.0002322357773729779,,,,GCA_000347455.1_ASM34745v1_genomic.fna.gz,db/sourmash/genbank-2022.08-plant-k31.sbt.zip,383cae64eeb6253e86e6b31637ae0746,0.0003442641618359343,32000,25,569000,AttbisABBM3_FD_113146.assembled.fna,Ga0157368_1000001,9ce2cb10,137791000
257000,0.001865143587026729,9.129302680045726e-05,0.00016691946498682787,0.00016691946498682787,,,,GCA_001974825.1_COLO4_1.0_genomic.fna.gz,db/sourmash/genbank-2022.08-plant-k31.sbt.zip,34ca6c25f7851bf7292fe88e72480cb9,0.0010201003429442398,23000,26,546000,AttbisABBM3_FD_113146.assembled.fna,Ga0157368_1000001,9ce2cb10,137791000
209000,0.001516789920967262,4.936587292326748e-05,0.00015966209694392232,0.00015966209694392232,,,,GCA_004799145.1_ASM479914v1_genomic.fna.gz,db/sourmash/genbank-2022.08-plant-k31.sbt.zip,026f45495c96e46a2b0d32dea5b6af26,0.0004689757927710411,22000,27,524000,AttbisABBM3_FD_113146.assembled.fna,Ga0157368_1000001,9ce2cb10,137791000
171000,0.0012410099353368507,1.60582769468836e-05,0.00015966209694392232,0.00015966209694392232,,,,GCA_000326125.1_ASM32612v1_genomic.fna.gz,db/sourmash/genbank-2022.08-plant-k31.sbt.zip,c7cc002f505b2a975461fc7c7c104e5a,0.0001248166071780498,22000,28,502000,AttbisABBM3_FD_113146.assembled.fna,Ga0157368_1000001,9ce2cb10,137791000
90000,0.0006531631238615004,1.997602876548142e-05,0.00013788999281520562,0.00013788999281520562,,,,GCA_011763485.1_ASM1176348v1_genomic.fna.gz,db/sourmash/genbank-2022.08-plant-k31.sbt.zip,20159478b43319ea891715d7d478a5b0,9.462329415228042e-05,19000,29,483000,AttbisABBM3_FD_113146.assembled.fna,Ga0157368_1000001,9ce2cb10,137791000
113000,0.0008200825888483283,2.4865204992406604e-06,0.00012337525672939453,0.00012337525672939453,,,,GCA_023213395.1_ASM2321339v1_genomic.fna.gz,db/sourmash/genbank-2022.08-plant-k31.sbt.zip,67f24e02b95870df5db1623ebffbb7f1,1.652804802436439e-05,17000,30,466000,AttbisABBM3_FD_113146.assembled.fna,Ga0157368_1000001,9ce2cb10,137791000
55000,0.0003991552423598058,1.4114990119506917e-05,0.00010886052064358339,0.00010886052064358339,,,,GCA_022495875.1_ASM2249587v1_genomic.fna.gz,db/sourmash/genbank-2022.08-plant-k31.sbt.zip,09ce0a957ef8df3e898f6e2b45a5fb9e,5.175496377152536e-05,15000,31,451000,AttbisABBM3_FD_113146.assembled.fna,Ga0157368_1000001,9ce2cb10,137791000
194000,0.0014079294003236785,3.160006952015294e-05,0.00010160315260067784,0.00010160315260067784,,,,GCA_000230855.2_Pigeonpea-Version-2.0_genomic.fna.gz,db/sourmash/genbank-2022.08-plant-k31.sbt.zip,d9b4e1f98df5b1e3d5129e9e3e015c18,0.00043788667763640507,14000,32,437000,AttbisABBM3_FD_113146.assembled.fna,Ga0157368_1000001,9ce2cb10,137791000
100000,0.000725736804290556,7.428904061541041e-06,0.00010160315260067784,0.00010160315260067784,,,,GCA_021521415.1_B.hawaiensis_p1.0_genomic.fna.gz,db/sourmash/genbank-2022.08-plant-k31.sbt.zip,632e8060c6424069a8d8c50c15d69062,5.3063600439578866e-05,14000,33,423000,AttbisABBM3_FD_113146.assembled.fna,Ga0157368_1000001,9ce2cb10,137791000
111000,0.0008055678527625172,2.0897924089783454e-05,0.00010160315260067784,0.00010160315260067784,,,,GCA_902829155.1_FRAX10-0.1_genomic.fna.gz,db/sourmash/genbank-2022.08-plant-k31.sbt.zip,eefbfa45db43cf47fcc1d63a2d7b8af8,0.00016569068385471165,14000,34,409000,AttbisABBM3_FD_113146.assembled.fna,Ga0157368_1000001,9ce2cb10,137791000
219000,0.0015893636013963176,2.3694522919894286e-05,9.434578455777228e-05,9.434578455777228e-05,,,,GCA_900235945.1_Canthatch-W_genomic.fna.gz,db/sourmash/genbank-2022.08-plant-k31.sbt.zip,39129f194483f72b6f6bd6db3fd87669,0.0003991615784197576,13000,35,396000,AttbisABBM3_FD_113146.assembled.fna,Ga0157368_1000001,9ce2cb10,137791000
49000,0.00035561103410237244,1.098033093319936e-06,7.983104847196116e-05,7.983104847196116e-05,,,,GCA_010110895.2_Q903_v1_genomic.fna.gz,db/sourmash/genbank-2022.08-plant-k31.sbt.zip,99d96923ab1b6b0c4c54dc053f02d393,4.891238324788806e-06,11000,36,385000,AttbisABBM3_FD_113146.assembled.fna,Ga0157368_1000001,9ce2cb10,137791000
117000,0.0008491120610199506,4.773290402648742e-05,7.983104847196116e-05,7.983104847196116e-05,,,,GCA_900006205.1_EF_Genome_genomic.fna.gz,db/sourmash/genbank-2022.08-plant-k31.sbt.zip,dc0134f20a55713045dc32b8272b744b,0.0005077045246453662,11000,37,374000,AttbisABBM3_FD_113146.assembled.fna,Ga0157368_1000001,9ce2cb10,137791000
128000,0.0009289431094919116,3.6271428995380336e-05,7.983104847196116e-05,7.983104847196116e-05,,,,GCA_000149285.1_OrySat_Sep2003_genomic.fna.gz,db/sourmash/genbank-2022.08-plant-k31.sbt.zip,73688dd917b38744bb1c0664ba677dff,0.0004220675374007894,11000,38,363000,AttbisABBM3_FD_113146.assembled.fna,Ga0157368_1000001,9ce2cb10,137791000
76000,0.0005515599712608225,4.262471031181254e-06,7.25736804290556e-05,7.25736804290556e-05,,,,GCA_021442155.1_ASM2144215v1_genomic.fna.gz,db/sourmash/genbank-2022.08-plant-k31.sbt.zip,51f96419206143d57631203f09326881,3.2394779836977534e-05,10000,39,353000,AttbisABBM3_FD_113146.assembled.fna,Ga0157368_1000001,9ce2cb10,137791000
