intersect_bp,f_orig_query,f_match,f_unique_to_query,f_unique_weighted,average_abund,median_abund,std_abund,name,filename,md5,f_match_orig,unique_intersect_bp,gather_result_rank,remaining_bp,query_filename,query_name,query_md5,query_bp
4427000,0.008956751857307026,0.013563569850699625,0.008956751857307026,0.008956751857307026,,,,"GCA_003640505.1 Plasmopara halstedii, ASM364050v1",/home/gotting/projects/fungal_associations_metagenomics/db/sourmash/genbank-2022.03-protozoa-k31.zip,5905a6d59272b14945d51be7ae4ba091,0.013563569850699625,4427000,0,2798000,AttbisABBM2_FD_113142.assembled.fna,Ga0157367_1000001,0b506831,494264000
1856000,0.0037550782577731737,0.004871765293959319,0.0025634074098052862,0.0025634074098052862,,,,"GCA_003640625.1 Plasmopara obducens strain=PA1-1, ASM364062v1",/home/gotting/projects/fungal_associations_metagenomics/db/sourmash/genbank-2022.03-protozoa-k31.zip,9c3e6b6322f38622fb32c9b943118532,0.007136540162264005,1267000,1,1531000,AttbisABBM2_FD_113142.assembled.fna,Ga0157367_1000001,0b506831,494264000
760000,0.0015376398038295324,0.005465903175429464,0.000679798650114109,0.000679798650114109,,,,"GCA_000252605.1 Pseudoperonospora cubensis, ASM25260v1",/home/gotting/projects/fungal_associations_metagenomics/db/sourmash/genbank-2022.03-protozoa-k31.zip,dfc0f3aeb81135e5b79bb7dde23e4ff0,0.012363352420614263,336000,2,1195000,AttbisABBM2_FD_113142.assembled.fna,Ga0157367_1000001,0b506831,494264000
275000,0.0005563828237541071,0.0008306885520337602,0.0005300810902675494,0.0005300810902675494,,,,"GCA_009731375.1 Paulinella micropora strain=MYN1, PmicroMYN1_1.0",/home/gotting/projects/fungal_associations_metagenomics/db/sourmash/genbank-2022.03-protozoa-k31.zip,55b86d1a457576dc7b722a939775d0b6,0.0008719059229361987,262000,3,933000,AttbisABBM2_FD_113142.assembled.fna,Ga0157367_1000001,0b506831,494264000
177000,0.0003581082174708253,0.0007259944213060258,0.00023064597057442985,0.00023064597057442985,,,,"GCA_000413255.3 Physarum polycephalum strain=LU352, Physarum_polycephalum-10.0",/home/gotting/projects/fungal_associations_metagenomics/db/sourmash/genbank-2022.03-protozoa-k31.zip,200cb1bbde8cc7f8e754aeb27195d81f,0.0011272018646593558,114000,4,819000,AttbisABBM2_FD_113142.assembled.fna,Ga0157367_1000001,0b506831,494264000
204000,0.00041273489471213765,0.007705273296412232,0.00019422818574688831,0.00019422818574688831,,,,"GCA_000344925.1 Entamoeba histolytica HM-1:IMSS-B strain=HM-1:IMSS-B, EHA_CB v1",/home/gotting/projects/fungal_associations_metagenomics/db/sourmash/genbank-2022.03-protozoa-k31.zip,d5ff84c245e8d00d84b5e41054a1fad8,0.016373705754875994,96000,5,723000,AttbisABBM2_FD_113142.assembled.fna,Ga0157367_1000001,0b506831,494264000
114000,0.00023064597057442985,0.0015715317919075145,0.00017601929333311753,0.00017601929333311753,,,,"GCA_900092245.1 Acytostelium leptosomum, ASM90009224v1",/home/gotting/projects/fungal_associations_metagenomics/db/sourmash/genbank-2022.03-protozoa-k31.zip,3e2ce51a8fb67a45fbb75ad2dcb7cff9,0.0020592485549132946,87000,6,636000,AttbisABBM2_FD_113142.assembled.fna,Ga0157367_1000001,0b506831,494264000
212000,0.00042892057685771167,0.00016404265108928322,0.00016590324199213376,0.00016590324199213376,,,,"GCA_004523865.1 Nephromyces sp. ex Molgula occidentalis, ASM452386v1",/home/gotting/projects/fungal_associations_metagenomics/db/sourmash/genbank-2022.03-protozoa-k31.zip,ad6fc4de5b99575aa255510de485b129,0.00042411026866985416,82000,7,554000,AttbisABBM2_FD_113142.assembled.fna,Ga0157367_1000001,0b506831,494264000
88000,0.00017804250360131427,0.0009782216959275086,0.00011532298528721493,0.00011532298528721493,,,,"GCA_000318465.2 Phytophthora lateralis MPF4 strain=MPF4, MPF4_v2.0",/home/gotting/projects/fungal_associations_metagenomics/db/sourmash/genbank-2022.03-protozoa-k31.zip,6326779a8412ca0bbcba967fdc89d7c2,0.0015102370042389607,57000,8,497000,AttbisABBM2_FD_113142.assembled.fna,Ga0157367_1000001,0b506831,494264000
148000,0.0002994351196931195,3.048687540014024e-05,8.092841072787013e-05,8.092841072787013e-05,,,,"GCA_905237085.1 Polarella glacialis, Pgla_CCMP1383",/home/gotting/projects/fungal_associations_metagenomics/db/sourmash/genbank-2022.03-protozoa-k31.zip,0a11c405ad29bbf73087b69d861026b6,0.0001128014389805189,40000,9,457000,AttbisABBM2_FD_113142.assembled.fna,Ga0157367_1000001,0b506831,494264000
49000,9.913730314164091e-05,0.0007310155267697886,5.058025670491883e-05,5.058025670491883e-05,,,,"GCA_900088545.1 Plasmodium ovale wallikeri, Pow2",/home/gotting/projects/fungal_associations_metagenomics/db/sourmash/genbank-2022.03-protozoa-k31.zip,e82289cca00b3bc955f9cf4aa98b6a39,0.0014327904324687856,25000,10,432000,AttbisABBM2_FD_113142.assembled.fna,Ga0157367_1000001,0b506831,494264000
46000,9.306767233705064e-05,0.00020343622274416972,4.451062590032857e-05,4.451062590032857e-05,,,,"GCA_015146095.1 Dinobryon divergens strain=FU18 K-A, ASM1514609v1",/home/gotting/projects/fungal_associations_metagenomics/db/sourmash/genbank-2022.03-protozoa-k31.zip,421186d2f8c066f8633c2177bf397a79,0.0004253666475559912,22000,11,410000,AttbisABBM2_FD_113142.assembled.fna,Ga0157367_1000001,0b506831,494264000
34000,6.878914911868961e-05,0.0009378223764419019,4.046420536393506e-05,4.046420536393506e-05,,,,"GCA_917563895.1 Entamoeba histolytica HM-1:IMSS strain=Rahman, Assembly 1",/home/gotting/projects/fungal_associations_metagenomics/db/sourmash/genbank-2022.03-protozoa-k31.zip,505c743e0d67a7bc0ca1aafdd563b0cc,0.0015942980399512331,20000,12,390000,AttbisABBM2_FD_113142.assembled.fna,Ga0157367_1000001,0b506831,494264000
38000,7.688199019147662e-05,0.00010776036250585948,4.046420536393506e-05,4.046420536393506e-05,,,,"GCA_003640485.1 Plasmopara obducens strain=H12-14-11, ASM364048v1",/home/gotting/projects/fungal_associations_metagenomics/db/sourmash/genbank-2022.03-protozoa-k31.zip,51d003d9989562ae241ddbed6f67cca3,0.00020474468876113298,20000,13,370000,AttbisABBM2_FD_113142.assembled.fna,Ga0157367_1000001,0b506831,494264000
41000,8.295162099606688e-05,0.0002680927318649377,3.844099509573831e-05,3.844099509573831e-05,,,,"GCA_000826325.1 Acanthamoeba palestinensis, Acanthamoeba palestinensis",/home/gotting/projects/fungal_associations_metagenomics/db/sourmash/genbank-2022.03-protozoa-k31.zip,cb71f4c616eba4168bcef6bc949d1002,0.0005785158950769708,19000,14,351000,AttbisABBM2_FD_113142.assembled.fna,Ga0157367_1000001,0b506831,494264000
142000,0.00028729585808393894,2.2486665407413405e-05,3.0348154022951296e-05,3.0348154022951296e-05,,,,"GCA_001939145.1 Symbiodinium microadriaticum strain=CCMP2467, ASM193914v1",/home/gotting/projects/fungal_associations_metagenomics/db/sourmash/genbank-2022.03-protozoa-k31.zip,40fef8adbb59f5982662e290fdc0c9ed,0.0002128737658568469,15000,15,336000,AttbisABBM2_FD_113142.assembled.fna,Ga0157367_1000001,0b506831,494264000
68000,0.00013757829823737923,3.321302836392622e-05,3.0348154022951296e-05,3.0348154022951296e-05,,,,"GCA_000978595.1 Saccharina japonica cultivar=Ja, SJ6.1",/home/gotting/projects/fungal_associations_metagenomics/db/sourmash/genbank-2022.03-protozoa-k31.zip,9bc7ae87067e441ebe0ae6880429bd0a,0.0001505657285831322,15000,16,321000,AttbisABBM2_FD_113142.assembled.fna,Ga0157367_1000001,0b506831,494264000
102000,0.00020636744735606883,7.492709017763485e-05,2.630173348655779e-05,2.630173348655779e-05,,,,"GCA_000585135.1 Chromera velia, J2",/home/gotting/projects/fungal_associations_metagenomics/db/sourmash/genbank-2022.03-protozoa-k31.zip,02a4975051f312cb899b9a783772e4c8,0.0005878894767783657,13000,17,308000,AttbisABBM2_FD_113142.assembled.fna,Ga0157367_1000001,0b506831,494264000
71000,0.00014364792904196947,0.00017886178861788618,2.2255312950164284e-05,2.2255312950164284e-05,,,,"GCA_900092235.1 Rostrostelium ellipticum, ASM90009223v1",/home/gotting/projects/fungal_associations_metagenomics/db/sourmash/genbank-2022.03-protozoa-k31.zip,82c7d894bf0e1c8a80ca640f4c3fcdec,0.0011544715447154472,11000,18,297000,AttbisABBM2_FD_113142.assembled.fna,Ga0157367_1000001,0b506831,494264000
34000,6.878914911868961e-05,0.0002318718381112985,2.2255312950164284e-05,2.2255312950164284e-05,,,,"GCA_002893405.1 Cyclospora cayetanensis strain=CDC:HCFL47:13, ASM289340v1",/home/gotting/projects/fungal_associations_metagenomics/db/sourmash/genbank-2022.03-protozoa-k31.zip,8651de2acd70c36d61b6b4cf7a53a1f6,0.0007166947723440135,11000,19,286000,AttbisABBM2_FD_113142.assembled.fna,Ga0157367_1000001,0b506831,494264000
