intersect_bp,f_orig_query,f_match,f_unique_to_query,f_unique_weighted,average_abund,median_abund,std_abund,name,filename,md5,f_match_orig,unique_intersect_bp,gather_result_rank,remaining_bp,query_filename,query_name,query_md5,query_bp
5341000,0.05022380200105318,0.0063556019377386625,0.05022380200105318,0.05022380200105318,,,,GCA_002180455.1_ASM218045v1_genomic.fna.gz,db/sourmash/genbank-2022.08-plant-k31.sbt.zip,d956f9f6a1df8936ddc8a86ff740ca56,0.0063556019377386625,5341000,0,4754000,AttcapACBM1_FD_111485.assembled.fna,Ga0157357_1000001,424e49a8,106344000
2495000,0.023461596328894906,0.006498218373174127,0.0207157902655533,0.0207157902655533,,,,GCA_002573525.1_SJ18_v1_genomic.fna.gz,db/sourmash/genbank-2022.08-plant-k31.sbt.zip,c6856d9aba99d13739b57ee6a09aa7c2,0.007359534653231706,2203000,1,2551000,AttcapACBM1_FD_111485.assembled.fna,Ga0157357_1000001,424e49a8,106344000
1442000,0.013559768299104793,0.0008829359837321601,0.004870984728804634,0.004870984728804634,,,,GCA_002813485.1_ASM281348v1_genomic.fna.gz,db/sourmash/genbank-2022.08-plant-k31.sbt.zip,552dccd73e76599a21f769da83fc9f08,0.0024579028736327704,518000,2,2033000,AttcapACBM1_FD_111485.assembled.fna,Ga0157357_1000001,424e49a8,106344000
1277000,0.012008199804408336,0.0015416448295342395,0.004259760776348454,0.004259760776348454,,,,GCA_019338905.1_ASM1933890v1_genomic.fna.gz,db/sourmash/genbank-2022.08-plant-k31.sbt.zip,8d6effdaf6563113fe51ad7fe9186093,0.004345872952130737,453000,3,1580000,AttcapACBM1_FD_111485.assembled.fna,Ga0157357_1000001,424e49a8,106344000
402000,0.003780185059805913,0.0005141205177589092,0.00366734371473708,0.00366734371473708,,,,GCA_023529015.1_Yrk_Pnu_10X_1_genomic.fna.gz,db/sourmash/genbank-2022.08-plant-k31.sbt.zip,c55cac35c182bafceb47ec1a0fb5ea32,0.0005299396106130294,390000,4,1190000,AttcapACBM1_FD_111485.assembled.fna,Ga0157357_1000001,424e49a8,106344000
200000,0.0018806890844805537,0.0004566259395956834,0.0015891822763860679,0.0015891822763860679,,,,GCA_022530915.1_ASM2253091v1_genomic.fna.gz,db/sourmash/genbank-2022.08-plant-k31.sbt.zip,8c4f4903b390fb6b329e8ed3eee665ca,0.0005403857273321697,169000,5,1021000,AttcapACBM1_FD_111485.assembled.fna,Ga0157357_1000001,424e49a8,106344000
305000,0.0028680508538328443,2.0417882594112403e-05,0.0011284134506883321,0.0011284134506883321,,,,GCA_004151065.1_LarixSibirica0.1_genomic.fna.gz,db/sourmash/genbank-2022.08-plant-k31.sbt.zip,b309a98d23e9e98a80fb2411d43bd10d,5.189545159336902e-05,120000,6,901000,AttcapACBM1_FD_111485.assembled.fna,Ga0157357_1000001,424e49a8,106344000
331000,0.003112540434815316,1.821699354025409e-05,0.0008463100880162492,0.0008463100880162492,,,,GCA_014338645.1_ASM1433864v1_genomic.fna.gz,db/sourmash/genbank-2022.08-plant-k31.sbt.zip,b404ebeeb8c725b1bf7e86a81b3eeac0,6.699805402026782e-05,90000,7,811000,AttcapACBM1_FD_111485.assembled.fna,Ga0157357_1000001,424e49a8,106344000
474000,0.004457233130218913,5.8831087157917513e-05,0.0008180997517490408,0.0008180997517490408,,,,GCA_021461685.1_ASM2146168v1_genomic.fna.gz,db/sourmash/genbank-2022.08-plant-k31.sbt.zip,2a21ee2ea96dab2ed61840693100701d,0.0003205279921017575,87000,8,724000,AttcapACBM1_FD_111485.assembled.fna,Ga0157357_1000001,424e49a8,106344000
521000,0.004899195065071842,0.00034254273755874074,0.0006018205070337771,0.0006018205070337771,,,,GCA_900006705.1_sca_genomic.fna.gz,db/sourmash/genbank-2022.08-plant-k31.sbt.zip,c8bf25d7967b207db9f02751b9564677,0.002788511972939124,64000,9,660000,AttcapACBM1_FD_111485.assembled.fna,Ga0157357_1000001,424e49a8,106344000
144000,0.0013540961408259986,3.6818295675057414e-05,0.0005736101707665689,0.0005736101707665689,,,,GCA_944222845.1_aegilops_speltoides_cv_tivon_genomic.fna.gz,db/sourmash/genbank-2022.08-plant-k31.sbt.zip,81441a121df0ea132d13ea1816f9dd50,8.691532093784046e-05,61000,10,599000,AttcapACBM1_FD_111485.assembled.fna,Ga0157357_1000001,424e49a8,106344000
242000,0.00227563379222147,0.00014296383754378267,0.0005453998344993606,0.0005453998344993606,,,,GCA_003482435.1_Corteva_Sorghum_ONT_TX430_1.0_genomic.fna.gz,db/sourmash/genbank-2022.08-plant-k31.sbt.zip,5a5c647771a72abd22a15d39df45edf2,0.0005965042876826794,58000,11,541000,AttcapACBM1_FD_111485.assembled.fna,Ga0157357_1000001,424e49a8,106344000
278000,0.0026141578274279697,3.0152332388092773e-05,0.00040434815316331906,0.00040434815316331906,,,,GCA_024704795.1_ASM2470479v1_genomic.fna.gz,db/sourmash/genbank-2022.08-plant-k31.sbt.zip,571e1770f92148b38017b63373df3302,0.0001949383349741812,43000,12,498000,AttcapACBM1_FD_111485.assembled.fna,Ga0157357_1000001,424e49a8,106344000
119000,0.0011190100052659293,2.2647223126912883e-05,0.00039494470774091627,0.00039494470774091627,,,,GCA_910594505.1_hordeum_vulgare_accession_hor_337_contigs_genomic.fna.gz,db/sourmash/genbank-2022.08-plant-k31.sbt.zip,84cf0563c97674146150abf4f478ae67,6.416713219291983e-05,42000,13,456000,AttcapACBM1_FD_111485.assembled.fna,Ga0157357_1000001,424e49a8,106344000
103000,0.0009685548785074851,5.538983857120282e-05,0.0003197171443616941,0.0003197171443616941,,,,GCA_018493915.1_araca.K10017.gnm1.DQ4M_genomic.fna.gz,db/sourmash/genbank-2022.08-plant-k31.sbt.zip,6df040e944ac2c13fc4f1a59a1d5e082,0.0001677986286127615,34000,14,422000,AttcapACBM1_FD_111485.assembled.fna,Ga0157357_1000001,424e49a8,106344000
115000,0.0010813962235763184,9.035589798124073e-05,0.00024448958098247195,0.00024448958098247195,,,,GCA_002141455.1_Co_S7_2014_genomic.fna.gz,db/sourmash/genbank-2022.08-plant-k31.sbt.zip,a1af95f9e475528b31792ecebfb4d3db,0.0003996510872247186,26000,15,396000,AttcapACBM1_FD_111485.assembled.fna,Ga0157357_1000001,424e49a8,106344000
87000,0.0008180997517490408,5.36880466785353e-05,0.0002350861355600692,0.0002350861355600692,,,,GCA_020877215.1_ASM2087721v1_genomic.fna.gz,db/sourmash/genbank-2022.08-plant-k31.sbt.zip,b01a18813b3ca6e8804662db73563bbf,0.00018683440244130286,25000,16,371000,AttcapACBM1_FD_111485.assembled.fna,Ga0157357_1000001,424e49a8,106344000
174000,0.0016361995034980816,2.2830320492039066e-05,0.0002350861355600692,0.0002350861355600692,,,,GCA_003544955.1_Sspon.HiC_chr_asm_genomic.fna.gz,db/sourmash/genbank-2022.08-plant-k31.sbt.zip,59e0fb7f42cf48af6ae0dfc05ba0f358,0.00015889903062459192,25000,17,346000,AttcapACBM1_FD_111485.assembled.fna,Ga0157357_1000001,424e49a8,106344000
99000,0.000930941096817874,1.3508237130027074e-05,0.00019747235387045813,0.00019747235387045813,,,,GCA_019775975.1_OSU_SAla_1.0_genomic.fna.gz,db/sourmash/genbank-2022.08-plant-k31.sbt.zip,24b444ede46220a92a1a738fffee434c,6.368168932727049e-05,21000,18,325000,AttcapACBM1_FD_111485.assembled.fna,Ga0157357_1000001,424e49a8,106344000
154000,0.0014481305950500263,6.338782573418949e-05,0.00018806890844805536,0.00018806890844805536,,,,GCA_000004655.2_ASM465v1_genomic.fna.gz,db/sourmash/genbank-2022.08-plant-k31.sbt.zip,e32dc1176a23ed090bfaf5fad864a8d2,0.00048808625815325907,20000,19,305000,AttcapACBM1_FD_111485.assembled.fna,Ga0157357_1000001,424e49a8,106344000
187000,0.0017584442939893178,2.318991818306991e-05,0.00015045512675844429,0.00015045512675844429,,,,GCA_020010975.1_BSMRAU-JF-1_genomic.fna.gz,db/sourmash/genbank-2022.08-plant-k31.sbt.zip,f253c46224ea374d0db54d83587531ca,0.0002710321687646296,16000,20,289000,AttcapACBM1_FD_111485.assembled.fna,Ga0157357_1000001,424e49a8,106344000
108000,0.001015572105619499,1.934593458726803e-06,0.00014105168133604152,0.00014105168133604152,,,,GCA_024346515.1_shallot_DHA_v1_genomic.fna.gz,db/sourmash/genbank-2022.08-plant-k31.sbt.zip,a4534bb31e68273bd66fc458c95be41a,1.392907290283298e-05,15000,21,274000,AttcapACBM1_FD_111485.assembled.fna,Ga0157357_1000001,424e49a8,106344000
92000,0.0008651169788610547,2.1939886758005827e-06,0.00014105168133604152,0.00014105168133604152,,,,GCA_023213395.1_ASM2321339v1_genomic.fna.gz,db/sourmash/genbank-2022.08-plant-k31.sbt.zip,67f24e02b95870df5db1623ebffbb7f1,1.3456463878243575e-05,15000,22,259000,AttcapACBM1_FD_111485.assembled.fna,Ga0157357_1000001,424e49a8,106344000
83000,0.0007804859700594297,3.4518807819003094e-05,0.00013164823591363875,0.00013164823591363875,,,,GCA_010261695.1_La_Amiga3.1_genomic.fna.gz,db/sourmash/genbank-2022.08-plant-k31.sbt.zip,73767c04d625fb0443ae1675113386f4,0.0002046472177840898,14000,23,245000,AttcapACBM1_FD_111485.assembled.fna,Ga0157357_1000001,424e49a8,106344000
48000,0.0004513653802753329,2.0862236223100753e-05,0.00013164823591363875,0.00013164823591363875,,,,GCA_903798305.1_FRAX21-0.1_genomic.fna.gz,db/sourmash/genbank-2022.08-plant-k31.sbt.zip,027b2e3f2d7e762a7bb5ac066133cf80,7.152766705063116e-05,14000,24,231000,AttcapACBM1_FD_111485.assembled.fna,Ga0157357_1000001,424e49a8,106344000
77000,0.0007240652975250132,1.5915641313532345e-05,0.00010343789964643045,0.00010343789964643045,,,,GCA_903798285.1_FRAX19-0.1_genomic.fna.gz,db/sourmash/genbank-2022.08-plant-k31.sbt.zip,78c1daaeaf3507fc1b1f61a2932c3dee,0.00011140948919472642,11000,25,220000,AttcapACBM1_FD_111485.assembled.fna,Ga0157357_1000001,424e49a8,106344000
