intersect_bp,f_orig_query,f_match,f_unique_to_query,f_unique_weighted,average_abund,median_abund,std_abund,name,filename,md5,f_match_orig,unique_intersect_bp,gather_result_rank,remaining_bp,query_filename,query_name,query_md5,query_bp
1736000,0.004449319787170786,0.005318806699980698,0.004449319787170786,0.004449319787170786,,,,"GCA_003640505.1 Plasmopara halstedii, ASM364050v1",/home/gotting/projects/fungal_associations_metagenomics/db/sourmash/genbank-2022.03-protozoa-k31.zip,5905a6d59272b14945d51be7ae4ba091,0.005318806699980698,1736000,0,1728000,AttlaeALBM1_FD_111483.assembled.fna,Ga0157360_1000001,b87c1559,390172000
1467000,0.003759880257937525,0.003822047910178029,0.002547594394267144,0.002547594394267144,,,,"GCA_003640625.1 Plasmopara obducens strain=PA1-1, ASM364062v1",/home/gotting/projects/fungal_associations_metagenomics/db/sourmash/genbank-2022.03-protozoa-k31.zip,9c3e6b6322f38622fb32c9b943118532,0.005640789018341216,994000,1,734000,AttlaeALBM1_FD_111483.assembled.fna,Ga0157360_1000001,b87c1559,390172000
119000,0.00030499369508832,0.001824421965317919,0.0002588601949909271,0.0002588601949909271,,,,"GCA_900092245.1 Acytostelium leptosomum, ASM90009224v1",/home/gotting/projects/fungal_associations_metagenomics/db/sourmash/genbank-2022.03-protozoa-k31.zip,3e2ce51a8fb67a45fbb75ad2dcb7cff9,0.002149566473988439,101000,2,633000,AttlaeALBM1_FD_111483.assembled.fna,Ga0157360_1000001,b87c1559,390172000
196000,0.0005023425566160565,0.007544746769403644,0.00024091938939749648,0.00024091938939749648,,,,"GCA_000344925.1 Entamoeba histolytica HM-1:IMSS-B strain=HM-1:IMSS-B, EHA_CB v1",/home/gotting/projects/fungal_associations_metagenomics/db/sourmash/genbank-2022.03-protozoa-k31.zip,d5ff84c245e8d00d84b5e41054a1fad8,0.01573159964684164,94000,3,539000,AttlaeALBM1_FD_111483.assembled.fna,Ga0157360_1000001,b87c1559,390172000
80000,0.00020503777821063532,0.0002591199725472894,0.00018965994484483766,0.00018965994484483766,,,,"GCA_019918135.1 Paulinella micropora strain=KR01, ASM1991813v1",/home/gotting/projects/fungal_associations_metagenomics/db/sourmash/genbank-2022.03-protozoa-k31.zip,034e5f98491a1ff5013d87a0a3f7d026,0.0002801297000511237,74000,4,465000,AttlaeALBM1_FD_111483.assembled.fna,Ga0157360_1000001,b87c1559,390172000
91000,0.00023323047271459765,0.001154997397188964,0.00018197102816193883,0.00018197102816193883,,,,"GCA_000252605.1 Pseudoperonospora cubensis, ASM25260v1",/home/gotting/projects/fungal_associations_metagenomics/db/sourmash/genbank-2022.03-protozoa-k31.zip,dfc0f3aeb81135e5b79bb7dde23e4ff0,0.001480348776678813,71000,5,394000,AttlaeALBM1_FD_111483.assembled.fna,Ga0157360_1000001,b87c1559,390172000
90000,0.00023066750048696472,0.0010983541849010623,0.00016403022256850826,0.00016403022256850826,,,,"GCA_000318465.2 Phytophthora lateralis MPF4 strain=MPF4, MPF4_v2.0",/home/gotting/projects/fungal_associations_metagenomics/db/sourmash/genbank-2022.03-protozoa-k31.zip,6326779a8412ca0bbcba967fdc89d7c2,0.001544560572517119,64000,6,330000,AttlaeALBM1_FD_111483.assembled.fna,Ga0157360_1000001,b87c1559,390172000
51000,0.00013071158360928,0.0016411891587733284,8.970402796715295e-05,8.970402796715295e-05,,,,"GCA_917563895.1 Entamoeba histolytica HM-1:IMSS strain=Rahman, Assembly 1",/home/gotting/projects/fungal_associations_metagenomics/db/sourmash/genbank-2022.03-protozoa-k31.zip,505c743e0d67a7bc0ca1aafdd563b0cc,0.00239144705992685,35000,7,295000,AttlaeALBM1_FD_111483.assembled.fna,Ga0157360_1000001,b87c1559,390172000
64000,0.00016403022256850826,0.0002165246519684638,8.714105573952001e-05,8.714105573952001e-05,,,,"GCA_000413255.3 Physarum polycephalum strain=LU352, Physarum_polycephalum-10.0",/home/gotting/projects/fungal_associations_metagenomics/db/sourmash/genbank-2022.03-protozoa-k31.zip,200cb1bbde8cc7f8e754aeb27195d81f,0.00040757581547004953,34000,8,261000,AttlaeALBM1_FD_111483.assembled.fna,Ga0157360_1000001,b87c1559,390172000
26000,6.663727791845647e-05,9.698432625527352e-05,4.613350009739295e-05,4.613350009739295e-05,,,,"GCA_003640485.1 Plasmopara obducens strain=H12-14-11, ASM364048v1",/home/gotting/projects/fungal_associations_metagenomics/db/sourmash/genbank-2022.03-protozoa-k31.zip,51d003d9989562ae241ddbed6f67cca3,0.0001400884712576173,18000,9,243000,AttlaeALBM1_FD_111483.assembled.fna,Ga0157360_1000001,b87c1559,390172000
52000,0.00013327455583691294,3.2008322163762575e-05,4.1007555642127065e-05,4.1007555642127065e-05,,,,"GCA_004523865.1 Nephromyces sp. ex Molgula occidentalis, ASM452386v1",/home/gotting/projects/fungal_associations_metagenomics/db/sourmash/genbank-2022.03-protozoa-k31.zip,ad6fc4de5b99575aa255510de485b129,0.00010402704703222838,16000,10,227000,AttlaeALBM1_FD_111483.assembled.fna,Ga0157360_1000001,b87c1559,390172000
30000,7.688916682898823e-05,0.00014795361654121433,4.1007555642127065e-05,4.1007555642127065e-05,,,,"GCA_015146095.1 Dinobryon divergens strain=FU18 K-A, ASM1514609v1",/home/gotting/projects/fungal_associations_metagenomics/db/sourmash/genbank-2022.03-protozoa-k31.zip,421186d2f8c066f8633c2177bf397a79,0.00027741303101477686,16000,11,211000,AttlaeALBM1_FD_111483.assembled.fna,Ga0157360_1000001,b87c1559,390172000
32000,8.201511128425413e-05,0.00016819443276427552,3.5881611186861176e-05,3.5881611186861176e-05,,,,"GCA_015143705.1 Dinobryon sp. LO226KS strain=LO226KS, ASM1514370v1",/home/gotting/projects/fungal_associations_metagenomics/db/sourmash/genbank-2022.03-protozoa-k31.zip,c13b7f1198cf0699372db4b77cfdef19,0.0003844444177469154,14000,12,197000,AttlaeALBM1_FD_111483.assembled.fna,Ga0157360_1000001,b87c1559,390172000
44000,0.00011277077801584942,9.146062620042071e-06,3.0755666731595294e-05,3.0755666731595294e-05,,,,"GCA_905237085.1 Polarella glacialis, Pgla_CCMP1383",/home/gotting/projects/fungal_associations_metagenomics/db/sourmash/genbank-2022.03-protozoa-k31.zip,0a11c405ad29bbf73087b69d861026b6,3.3535562940154266e-05,12000,13,185000,AttlaeALBM1_FD_111483.assembled.fna,Ga0157360_1000001,b87c1559,390172000
26000,6.663727791845647e-05,0.0001801693591976458,3.0755666731595294e-05,3.0755666731595294e-05,,,,"GCA_000258005.2 Hammondia hammondi strain=H.H.34, HHA1 v02",/home/gotting/projects/fungal_associations_metagenomics/db/sourmash/genbank-2022.03-protozoa-k31.zip,c8bda741a45f3b4ab80122c5ada99cfe,0.0003903669449282325,12000,14,173000,AttlaeALBM1_FD_111483.assembled.fna,Ga0157360_1000001,b87c1559,390172000
44000,0.00011277077801584942,0.00013742441657088603,2.8192694503962356e-05,2.8192694503962356e-05,,,,"GCA_015144965.1 Chromulinospumella sphaerica strain=JBC27, ASM1514496v1",/home/gotting/projects/fungal_associations_metagenomics/db/sourmash/genbank-2022.03-protozoa-k31.zip,792e49b1775670b0fb3f8a44fcc7d7a1,0.0005496976662835441,11000,15,162000,AttlaeALBM1_FD_111483.assembled.fna,Ga0157360_1000001,b87c1559,390172000
41000,0.0001050818613329506,0.00012017261156934505,2.8192694503962356e-05,2.8192694503962356e-05,,,,"GCA_000512085.1 Reticulomyxa filosa, Reti_assembly1.0",/home/gotting/projects/fungal_associations_metagenomics/db/sourmash/genbank-2022.03-protozoa-k31.zip,84f82a5cbc25322f02ae97652fa676dc,0.00044791609766755885,11000,16,151000,AttlaeALBM1_FD_111483.assembled.fna,Ga0157360_1000001,b87c1559,390172000
26000,6.663727791845647e-05,0.00011510526376371191,2.5629722276329415e-05,2.5629722276329415e-05,,,,"GCA_015148565.1 Spumella vulgaris strain=199hm, ASM1514856v1",/home/gotting/projects/fungal_associations_metagenomics/db/sourmash/genbank-2022.03-protozoa-k31.zip,94cabb7630b655f343d0190d8276d5cf,0.000299273685785651,10000,17,141000,AttlaeALBM1_FD_111483.assembled.fna,Ga0157360_1000001,b87c1559,390172000
22000,5.638538900792471e-05,0.00016526467137120097,2.5629722276329415e-05,2.5629722276329415e-05,,,,"GCA_003724065.1 Plasmopara halstedii strain=pathotype 710, Plhal710r1",/home/gotting/projects/fungal_associations_metagenomics/db/sourmash/genbank-2022.03-protozoa-k31.zip,6db309350de9b84e2facf8d3ab08acff,0.00036358227701664214,10000,18,131000,AttlaeALBM1_FD_111483.assembled.fna,Ga0157360_1000001,b87c1559,390172000
