intersect_bp,f_orig_query,f_match,f_unique_to_query,f_unique_weighted,average_abund,median_abund,std_abund,name,filename,md5,f_match_orig,unique_intersect_bp,gather_result_rank,remaining_bp,query_filename,query_name,query_md5,query_bp
5010000,0.011547663499702664,0.04634426108192111,0.011547663499702664,0.011547663499702664,,,,"GCA_022457215.1 Leucoagaricus gongylophorus strain=LEU18496, HybridAssembly_LEU18496",/home/gotting/projects/fungal_associations_metagenomics/db/sourmash/genbank-2022.03-fungi-k31.zip,49e72065873690f56cbf53e83438fb8f,0.04634426108192111,5010000,0,11373000,AttsexASBM3_FD_111478.assembled.fna,Ga0157365_10000001,12581b49,433854000
3895000,0.008977674517233908,0.11935091537575214,0.008595057323431386,0.008595057323431386,,,,"GCA_019327925.1 Leucocoprinus sp. KB1807203, ASM1932792v1",/home/gotting/projects/fungal_associations_metagenomics/db/sourmash/genbank-2022.03-fungi-k31.zip,b5898af61a7208d43ba558668a3056de,0.12466393547561132,3729000,1,7644000,AttsexASBM3_FD_111478.assembled.fna,Ga0157365_10000001,12581b49,433854000
3700000,0.008528214560658654,0.04646226118849937,0.008525909637804422,0.008525909637804422,,,,"GCA_001013415.1 Puccinia arachidis strain=MRf11, ASM101341v1",/home/gotting/projects/fungal_associations_metagenomics/db/sourmash/genbank-2022.03-fungi-k31.zip,4af773e2a6b63626906a6dc3b629f1de,0.04647482195118888,3699000,2,3945000,AttsexASBM3_FD_111478.assembled.fna,Ga0157365_10000001,12581b49,433854000
1307000,0.003012534170481314,0.11044346648612051,0.00300792432477285,0.00300792432477285,,,,"GCA_000410855.1 Clavispora lusitaniae MTCC 1001 strain=MTCC 1001, Candida lusitaniae Genome Assembly",/home/gotting/projects/fungal_associations_metagenomics/db/sourmash/genbank-2022.03-fungi-k31.zip,65de3849c90ccd1a0209e5f54c087b8d,0.11061272850372376,1305000,3,2640000,AttsexASBM3_FD_111478.assembled.fna,Ga0157365_10000001,12581b49,433854000
341000,0.0007859786932931355,0.011356822911155785,0.0007421851590627261,0.0007421851590627261,,,,"GCA_900010545.1 Microbotryum lychnidis-dioicae, MvSl-576-A2-G1-20131224",/home/gotting/projects/fungal_associations_metagenomics/db/sourmash/genbank-2022.03-fungi-k31.zip,5f7719366ba75844e8cd95cbfddcdb02,0.012026946002186718,322000,4,2318000,AttsexASBM3_FD_111478.assembled.fna,Ga0157365_10000001,12581b49,433854000
2959000,0.006820266725672691,0.0033448172057397065,0.0006914768562696206,0.0006914768562696206,,,,"GCA_000382605.1 Leucoagaricus gongylophorus Ac12 strain=Ac12, LAG Assembly",/home/gotting/projects/fungal_associations_metagenomics/db/sourmash/genbank-2022.03-fungi-k31.zip,6095686dfa38e959cbd064e7b1756f76,0.032991047039279305,300000,5,2018000,AttsexASBM3_FD_111478.assembled.fna,Ga0157365_10000001,12581b49,433854000
150000,0.0003457384281348103,8.58550951292984e-05,0.0003203842767382576,0.0003203842767382576,,,,"GCA_006912095.1 Massospora platypediae, Mplat_NP02_megahit",/home/gotting/projects/fungal_associations_metagenomics/db/sourmash/genbank-2022.03-fungi-k31.zip,a0ebc114cce059d9ce69be7f9581c8cd,9.264938323305582e-05,139000,6,1879000,AttsexASBM3_FD_111478.assembled.fna,Ga0157365_10000001,12581b49,433854000
1142000,0.0026322218995330224,0.009906858594411516,0.00026967597394515205,0.00026967597394515205,,,,"GCA_001673695.2 Clavispora lusitaniae strain=CBS 6936, ASM167369v2",/home/gotting/projects/fungal_associations_metagenomics/db/sourmash/genbank-2022.03-fungi-k31.zip,6339fd0cd09cf0ba72eebcd235c51f61,0.09669771380186283,117000,7,1762000,AttsexASBM3_FD_111478.assembled.fna,Ga0157365_10000001,12581b49,433854000
118000,0.0002719808967993841,0.0006724661780079106,0.00025354151396552756,0.00025354151396552756,,,,"GCA_003057935.1 Hemileia vastatrix HvCat, ASM305793v1",/home/gotting/projects/fungal_associations_metagenomics/db/sourmash/genbank-2022.03-fungi-k31.zip,c39d6d825629b9c74eb2bad694fce05b,0.0007213728091357587,110000,8,1652000,AttsexASBM3_FD_111478.assembled.fna,Ga0157365_10000001,12581b49,433854000
107000,0.00024662674540283137,0.002544465158462236,0.00023279720827743894,0.00023279720827743894,,,,"GCA_019054655.1 Fusarium oxysporum strain=S17/14, ASM1905465v1",/home/gotting/projects/fungal_associations_metagenomics/db/sourmash/genbank-2022.03-fungi-k31.zip,5525ee5b4782b002c13c7997d7c9e9c8,0.0026956215045094976,101000,9,1551000,AttsexASBM3_FD_111478.assembled.fna,Ga0157365_10000001,12581b49,433854000
94000,0.00021666274829781448,0.004741833508956797,0.0002074430568808862,0.0002074430568808862,,,,"GCA_900408955.1 Zygosaccharomyces pseudobailii, Zpse1",/home/gotting/projects/fungal_associations_metagenomics/db/sourmash/genbank-2022.03-fungi-k31.zip,4fc79e22ce6c1e11192a7a8a1506111b,0.0049525816649104324,90000,10,1461000,AttsexASBM3_FD_111478.assembled.fna,Ga0157365_10000001,12581b49,433854000
90000,0.0002074430568808862,0.0014319621805056984,0.00016825936835894104,0.00016825936835894104,,,,"GCA_011764185.1 Rhizopus oryzae strain=GL21, ASM1176418v1",/home/gotting/projects/fungal_associations_metagenomics/db/sourmash/genbank-2022.03-fungi-k31.zip,2b721c99c1bc14bab22a9cb29d9eb9ba,0.001765432825280998,73000,11,1388000,AttsexASBM3_FD_111478.assembled.fna,Ga0157365_10000001,12581b49,433854000
90000,0.0002074430568808862,0.0016307345499892085,0.00015673475408778067,0.00015673475408778067,,,,"GCA_016618355.2 Astraeus odoratus, ASM1661835v2",/home/gotting/projects/fungal_associations_metagenomics/db/sourmash/genbank-2022.03-fungi-k31.zip,82d8f6e6f738e030dababdede9409399,0.0021583251396915994,68000,12,1320000,AttsexASBM3_FD_111478.assembled.fna,Ga0157365_10000001,12581b49,433854000
79000,0.00018208890548433344,0.005832855230445592,0.0001406002941081562,0.0001406002941081562,,,,"GCA_003707595.1 Zygosaccharomyces bisporus strain=NRRL Y-12626, ASM370759v1",/home/gotting/projects/fungal_associations_metagenomics/db/sourmash/genbank-2022.03-fungi-k31.zip,fe06b32a044abb91d3559b25dcb937a4,0.007554025626314783,61000,13,1259000,AttsexASBM3_FD_111478.assembled.fna,Ga0157365_10000001,12581b49,433854000
78000,0.00017978398263010137,0.0002769521416808028,0.00012907567983699587,0.00012907567983699587,,,,"GCA_002994575.1 Uromyces transversalis strain=FL11_1, FL11_1",/home/gotting/projects/fungal_associations_metagenomics/db/sourmash/genbank-2022.03-fungi-k31.zip,0e24fee54ab84513d41bd984b3764ceb,0.00038575476876968954,56000,14,1203000,AttsexASBM3_FD_111478.assembled.fna,Ga0157365_10000001,12581b49,433854000
1175000,0.002708284353722681,0.003960562905536361,0.00010833137414890724,0.00010833137414890724,,,,"GCA_014636115.1 Clavispora lusitaniae strain=FDAARGOS_655, ASM1463611v1",/home/gotting/projects/fungal_associations_metagenomics/db/sourmash/genbank-2022.03-fungi-k31.zip,cfadcfdb041f7c6afb0c7edc05c9341f,0.09901407263840903,47000,15,1156000,AttsexASBM3_FD_111478.assembled.fna,Ga0157365_10000001,12581b49,433854000
90000,0.0002074430568808862,0.0007742389582966743,0.00010141660558621103,0.00010141660558621103,,,,"GCA_011421375.1 Fusarium oxysporum strain=EtdFoc-189, ASM1142137v1",/home/gotting/projects/fungal_associations_metagenomics/db/sourmash/genbank-2022.03-fungi-k31.zip,0559f50fbf6dd49b2e6c34275b92f269,0.0015836705965159247,44000,16,1112000,AttsexASBM3_FD_111478.assembled.fna,Ga0157365_10000001,12581b49,433854000
41000,9.450183702351483e-05,0.003057345893240787,8.528214560658655e-05,8.528214560658655e-05,,,,"GCA_003707935.2 Zygoascus meyerae strain=NRRL Y-17319, ASM370793v2",/home/gotting/projects/fungal_associations_metagenomics/db/sourmash/genbank-2022.03-fungi-k31.zip,9bc75b10a185b7062fe652eb5f195bd0,0.003387869773591142,37000,17,1075000,AttsexASBM3_FD_111478.assembled.fna,Ga0157365_10000001,12581b49,433854000
53000,0.00012216091127429965,0.0006071031063442275,8.297722275235447e-05,8.297722275235447e-05,,,,"GCA_014602815.1 Fusarium oxysporum f. sp. niveum strain=R1, ASM1460281v1",/home/gotting/projects/fungal_associations_metagenomics/db/sourmash/genbank-2022.03-fungi-k31.zip,af2f051653169c3e9f916f5acaae3665,0.0008937906843401127,36000,18,1039000,AttsexASBM3_FD_111478.assembled.fna,Ga0157365_10000001,12581b49,433854000
38000,8.758706846081861e-05,0.0010702054794520547,8.067229989812241e-05,8.067229989812241e-05,,,,"GCA_010203745.1 Mucor lusitanicus strain=MU402, Muccir1_3",/home/gotting/projects/fungal_associations_metagenomics/db/sourmash/genbank-2022.03-fungi-k31.zip,d07590c996be4d4e5ee4e2b8b5098398,0.0011619373776908023,35000,19,1004000,AttsexASBM3_FD_111478.assembled.fna,Ga0157365_10000001,12581b49,433854000
42000,9.680675987774689e-05,4.795983363932706e-05,7.37575313354262e-05,7.37575313354262e-05,,,,"GCA_003724095.1 Austropuccinia psidii strain=Apsidii_AM, ASM372409v1",/home/gotting/projects/fungal_associations_metagenomics/db/sourmash/genbank-2022.03-fungi-k31.zip,d1d5149049b4777f5d472220355a9204,6.294728165161678e-05,32000,20,972000,AttsexASBM3_FD_111478.assembled.fna,Ga0157365_10000001,12581b49,433854000
42000,9.680675987774689e-05,0.000281509241420566,7.37575313354262e-05,7.37575313354262e-05,,,,"GCA_003314295.1 Cantharellus lutescens strain=MG144, ASM331429v1",/home/gotting/projects/fungal_associations_metagenomics/db/sourmash/genbank-2022.03-fungi-k31.zip,962d0da28fbde9e858ee7dab0940317e,0.0003694808793644929,32000,21,940000,AttsexASBM3_FD_111478.assembled.fna,Ga0157365_10000001,12581b49,433854000
51000,0.00011755106556583552,0.0008233389137415265,6.914768562696206e-05,6.914768562696206e-05,,,,"GCA_000770705.1 Beauveria bassiana D1-5 strain=D1-5, BBA1.0",/home/gotting/projects/fungal_associations_metagenomics/db/sourmash/genbank-2022.03-fungi-k31.zip,90c9a80df3c4cb3e5983ebd6cc1674d0,0.001399676153360595,30000,22,910000,AttsexASBM3_FD_111478.assembled.fna,Ga0157365_10000001,12581b49,433854000
32000,7.37575313354262e-05,0.0029319781078967944,6.914768562696206e-05,6.914768562696206e-05,,,,"GCA_004125005.1 Starmerella sorbosivorans strain=CBS 8768, ASM412500v1",/home/gotting/projects/fungal_associations_metagenomics/db/sourmash/genbank-2022.03-fungi-k31.zip,cea12c978401cb67059319c4f3132959,0.003127443315089914,30000,23,880000,AttsexASBM3_FD_111478.assembled.fna,Ga0157365_10000001,12581b49,433854000
60000,0.00013829537125392412,0.0002077798720669645,6.453783991849793e-05,6.453783991849793e-05,,,,"GCA_002104975.1 Neocallimastix californiae strain=G1, Neocallimastix sp. G1 v1.0",/home/gotting/projects/fungal_associations_metagenomics/db/sourmash/genbank-2022.03-fungi-k31.zip,06ac0c8fb4b56b9f96901eb245d0ada7,0.0004452425830006382,28000,24,852000,AttsexASBM3_FD_111478.assembled.fna,Ga0157365_10000001,12581b49,433854000
1060000,0.002443218225485993,0.0022786733057641997,6.223291706426586e-05,6.223291706426586e-05,,,,"GCA_009498095.1 Clavispora lusitaniae strain=P3, ASM949809v1",/home/gotting/projects/fungal_associations_metagenomics/db/sourmash/genbank-2022.03-fungi-k31.zip,cb9a3f0b1f00f5b954beb7ef7abc3837,0.08945902607815005,27000,25,825000,AttsexASBM3_FD_111478.assembled.fna,Ga0157365_10000001,12581b49,433854000
40000,9.219691416928275e-05,0.000469060075771243,5.992799421003379e-05,5.992799421003379e-05,,,,"GCA_009298925.1 Fusarium oxysporum strain=VPRI42339, ASM929892v1",/home/gotting/projects/fungal_associations_metagenomics/db/sourmash/genbank-2022.03-fungi-k31.zip,70d35a3c1bde8839889a2e1cfc584f5a,0.0007216308858019123,26000,26,799000,AttsexASBM3_FD_111478.assembled.fna,Ga0157365_10000001,12581b49,433854000
31000,7.145260848119413e-05,0.0007347106709377847,5.762307135580172e-05,5.762307135580172e-05,,,,"GCA_022457065.1 Curvularia sp. ZM96 strain=ZM96, ASM2245706v1",/home/gotting/projects/fungal_associations_metagenomics/db/sourmash/genbank-2022.03-fungi-k31.zip,29b89f30c6a1127607957d04f1ff0d28,0.000911041231962853,25000,27,774000,AttsexASBM3_FD_111478.assembled.fna,Ga0157365_10000001,12581b49,433854000
321000,0.0007398802362084941,0.0004629886845565494,5.762307135580172e-05,5.762307135580172e-05,,,,"GCA_009298065.1 Fusarium oxysporum strain=RBG6475, ASM929806v1",/home/gotting/projects/fungal_associations_metagenomics/db/sourmash/genbank-2022.03-fungi-k31.zip,8adb0fd28f778e444edbf47a833c6847,0.005944774709706095,25000,28,749000,AttsexASBM3_FD_111478.assembled.fna,Ga0157365_10000001,12581b49,433854000
35000,8.067229989812241e-05,0.000676056338028169,5.531814850156965e-05,5.531814850156965e-05,,,,"GCA_000222875.2 Periglandula ipomoeae IasaF13 strain=IasaF13, PerIpo_1.0",/home/gotting/projects/fungal_associations_metagenomics/db/sourmash/genbank-2022.03-fungi-k31.zip,f20de7136d0ad33c7fff93c09c04e636,0.0009859154929577464,24000,29,725000,AttsexASBM3_FD_111478.assembled.fna,Ga0157365_10000001,12581b49,433854000
45000,0.0001037215284404431,0.00017717407352724052,5.531814850156965e-05,5.531814850156965e-05,,,,"GCA_900069095.1 Tubaria furfuracea, Tubaria_l100.fa",/home/gotting/projects/fungal_associations_metagenomics/db/sourmash/genbank-2022.03-fungi-k31.zip,c2eea0b8c5ca39e963d68e4a5ac2ebaf,0.00033220138786357596,24000,30,701000,AttsexASBM3_FD_111478.assembled.fna,Ga0157365_10000001,12581b49,433854000
25000,5.762307135580172e-05,0.0008564832054814925,5.301322564733758e-05,5.301322564733758e-05,,,,"GCA_000294735.1 Aureobasidium pullulans AY4 strain=AY4, ASM29473v1",/home/gotting/projects/fungal_associations_metagenomics/db/sourmash/genbank-2022.03-fungi-k31.zip,ff10dd9e6c6718d7116c5eb3b2a34b5f,0.000930960005958144,23000,31,678000,AttsexASBM3_FD_111478.assembled.fna,Ga0157365_10000001,12581b49,433854000
65000,0.00014981998552508448,0.00037269185160088093,5.070830279310551e-05,5.070830279310551e-05,,,,"GCA_008131165.1 Colletotrichum truncatum, ASM813116v1",/home/gotting/projects/fungal_associations_metagenomics/db/sourmash/genbank-2022.03-fungi-k31.zip,8114da992ab7d63207c3698d46dca18b,0.0011011350160935118,22000,32,656000,AttsexASBM3_FD_111478.assembled.fna,Ga0157365_10000001,12581b49,433854000
35000,8.067229989812241e-05,0.00018219582407171228,4.6098457084641375e-05,4.6098457084641375e-05,,,,"GCA_000597685.1 Rhizophagus irregularis DAOM 197198w strain=DAOM 197198w, Rir",/home/gotting/projects/fungal_associations_metagenomics/db/sourmash/genbank-2022.03-fungi-k31.zip,81f1af751aafb437964e16c3523bf9d2,0.00031884269212549646,20000,33,636000,AttsexASBM3_FD_111478.assembled.fna,Ga0157365_10000001,12581b49,433854000
42000,9.680675987774689e-05,0.0003078912528095077,4.6098457084641375e-05,4.6098457084641375e-05,,,,"GCA_018398735.1 Podosphaera cerasi cultivar=Bing, WSU_PS_Poc_1.0",/home/gotting/projects/fungal_associations_metagenomics/db/sourmash/genbank-2022.03-fungi-k31.zip,8a12f0446eeb345eb805cf5090511900,0.0006465716308999661,20000,34,616000,AttsexASBM3_FD_111478.assembled.fna,Ga0157365_10000001,12581b49,433854000
29000,6.684276277273e-05,0.000312752961954522,3.918368852194517e-05,3.918368852194517e-05,,,,"GCA_918026815.1 Chalara sp. BL73, BL73",/home/gotting/projects/fungal_associations_metagenomics/db/sourmash/genbank-2022.03-fungi-k31.zip,68a40531377cafbc8f81a44e1aec6917,0.0005335197586283023,17000,35,599000,AttsexASBM3_FD_111478.assembled.fna,Ga0157365_10000001,12581b49,433854000
36000,8.297722275235447e-05,0.00019027791768801136,3.918368852194517e-05,3.918368852194517e-05,,,,"GCA_019425655.1 Rhizophagus prolifer strain=CMCC/AM-1901, ASM1942565v1",/home/gotting/projects/fungal_associations_metagenomics/db/sourmash/genbank-2022.03-fungi-k31.zip,16ab0d244111f43d7512a77ba47188bf,0.0004029414727510829,17000,36,582000,AttsexASBM3_FD_111478.assembled.fna,Ga0157365_10000001,12581b49,433854000
30000,6.914768562696206e-05,0.000474116217737873,3.68787656677131e-05,3.68787656677131e-05,,,,"GCA_003206725.1 Blastomyces emzantsi strain=MRL_BACNE1992, ASM320672v1",/home/gotting/projects/fungal_associations_metagenomics/db/sourmash/genbank-2022.03-fungi-k31.zip,548cb07d8f281bd39abc519ec6fc88c9,0.0008889679082585119,16000,37,566000,AttsexASBM3_FD_111478.assembled.fna,Ga0157365_10000001,12581b49,433854000
1128000,0.0025999529795737737,0.0012639029322548028,3.457384281348103e-05,3.457384281348103e-05,,,,"GCA_004026375.1 Clavispora lusitaniae, ASM402637v1",/home/gotting/projects/fungal_associations_metagenomics/db/sourmash/genbank-2022.03-fungi-k31.zip,a100080f8ca0060a1bb8723b184b9808,0.09504550050556117,15000,38,551000,AttsexASBM3_FD_111478.assembled.fna,Ga0157365_10000001,12581b49,433854000
47000,0.00010833137414890724,0.00020439149731371175,3.226891995924897e-05,3.226891995924897e-05,,,,"GCA_000412615.1 Pecoramyces ruminatium strain=C1A, Orpinomyces sp. Strain C1A",/home/gotting/projects/fungal_associations_metagenomics/db/sourmash/genbank-2022.03-fungi-k31.zip,c111f9be8b3f0811c402c93a6bbaa792,0.0006861714552674608,14000,39,537000,AttsexASBM3_FD_111478.assembled.fna,Ga0157365_10000001,12581b49,433854000
32000,7.37575313354262e-05,0.0004205894723219774,2.9963997105016895e-05,2.9963997105016895e-05,,,,"GCA_001276145.1 Mucor circinelloides strain=WJ11, ASM127614v1",/home/gotting/projects/fungal_associations_metagenomics/db/sourmash/genbank-2022.03-fungi-k31.zip,7727fa8b8b2c2c2458635992082699cc,0.0010352971626387136,13000,40,524000,AttsexASBM3_FD_111478.assembled.fna,Ga0157365_10000001,12581b49,433854000
26000,5.992799421003379e-05,0.00012304663467454166,2.7659074250784826e-05,2.7659074250784826e-05,,,,"GCA_003314335.1 Cantharellus appalachiensis strain=MG38, ASM331433v1",/home/gotting/projects/fungal_associations_metagenomics/db/sourmash/genbank-2022.03-fungi-k31.zip,028f00607ff3aa55a88a6f927d6f2060,0.00026660104179484026,12000,41,512000,AttsexASBM3_FD_111478.assembled.fna,Ga0157365_10000001,12581b49,433854000
93000,0.0002143578254435824,0.0011196118678857996,2.7659074250784826e-05,2.7659074250784826e-05,,,,"GCA_900162805.1 Zygosaccharomyces bailii strain=IST302, version 1",/home/gotting/projects/fungal_associations_metagenomics/db/sourmash/genbank-2022.03-fungi-k31.zip,ac5c0a6f570a20694334f88280d13522,0.008676991976114946,12000,42,500000,AttsexASBM3_FD_111478.assembled.fna,Ga0157365_10000001,12581b49,433854000
25000,5.762307135580172e-05,0.0003377341111452257,2.5354151396552756e-05,2.5354151396552756e-05,,,,"GCA_022684705.1 Beauveria bassiana ecotype=Costa Rica, /strain=ECA_27, ASM2268470v1",/home/gotting/projects/fungal_associations_metagenomics/db/sourmash/genbank-2022.03-fungi-k31.zip,0d23390632a3a2f4afddbbd4e537d92a,0.0007675775253300583,11000,43,489000,AttsexASBM3_FD_111478.assembled.fna,Ga0157365_10000001,12581b49,433854000
16000,3.68787656677131e-05,0.0002015870397859512,2.5354151396552756e-05,2.5354151396552756e-05,,,,"GCA_902501105.1 Saitozyma podzolica, C3-17",/home/gotting/projects/fungal_associations_metagenomics/db/sourmash/genbank-2022.03-fungi-k31.zip,9f1b8f13181af693db47b9408cb95a02,0.00029321751241592905,11000,44,478000,AttsexASBM3_FD_111478.assembled.fna,Ga0157365_10000001,12581b49,433854000
1162000,0.002678320356617664,0.0009300752515430794,2.5354151396552756e-05,2.5354151396552756e-05,,,,"GCA_003675505.1 Clavispora lusitaniae strain=ATCC 42720, ATCC42720_1",/home/gotting/projects/fungal_associations_metagenomics/db/sourmash/genbank-2022.03-fungi-k31.zip,78af538264c6876484382650f17d74da,0.09824976748118712,11000,45,467000,AttsexASBM3_FD_111478.assembled.fna,Ga0157365_10000001,12581b49,433854000
17000,3.918368852194517e-05,0.00019411307969224254,2.5354151396552756e-05,2.5354151396552756e-05,,,,"GCA_004126415.1 Psathyrella aberdarensis strain=IHI B618, ASM412641v1",/home/gotting/projects/fungal_associations_metagenomics/db/sourmash/genbank-2022.03-fungi-k31.zip,42d87138d5612d3a3059a5b7b243a35e,0.00029999294134255665,11000,46,456000,AttsexASBM3_FD_111478.assembled.fna,Ga0157365_10000001,12581b49,433854000
