intersect_bp,f_orig_query,f_match,f_unique_to_query,f_unique_weighted,average_abund,median_abund,std_abund,name,filename,md5,f_match_orig,unique_intersect_bp,gather_result_rank,remaining_bp,query_filename,query_name,query_md5,query_bp
4091000,0.013346252218394404,0.056884229261102925,0.013346252218394404,0.013346252218394404,,,,"GCA_020740365.1 Calonectria ilicicola strain=GDGZ125, ASM2074036v1",/home/gotting/projects/fungal_associations_metagenomics/db/sourmash/genbank-2022.03-fungi-k31.zip,69a3fa10f8626e173cee829a21fc49ae,0.056884229261102925,4091000,0,8420000,MycgoeldiiGarden_89861.assembled.fna,Ga0131695_1000001,e450a38e,306528000
3015000,0.009835969307860945,0.05294738694351575,0.009816395239586596,0.009816395239586596,,,,"GCA_011421375.1 Fusarium oxysporum strain=EtdFoc-189, ASM1142137v1",/home/gotting/projects/fungal_associations_metagenomics/db/sourmash/genbank-2022.03-fungi-k31.zip,0559f50fbf6dd49b2e6c34275b92f269,0.05305296498328348,3009000,1,5411000,MycgoeldiiGarden_89861.assembled.fna,Ga0131695_1000001,e450a38e,306528000
1094000,0.003569005115356509,0.018748712313714718,0.0035624804259317255,0.0035624804259317255,,,,"GCA_020740345.1 Calonectria ilicicola strain=SCMS200, ASM2074034v1",/home/gotting/projects/fungal_associations_metagenomics/db/sourmash/genbank-2022.03-fungi-k31.zip,bb95073fd467bc82a2ed374734b19b66,0.018783050614655586,1092000,2,4319000,MycgoeldiiGarden_89861.assembled.fna,Ga0131695_1000001,e450a38e,306528000
561000,0.0018301753836517383,0.010648227517762919,0.0018236506942269548,0.0018236506942269548,,,,"GCA_011424605.1 Fusarium oxysporum strain=EtdFoc-89, ASM1142460v1",/home/gotting/projects/fungal_associations_metagenomics/db/sourmash/genbank-2022.03-fungi-k31.zip,554f4c7010799d24e44b65b1c1e6c547,0.010686324932853306,559000,3,3760000,MycgoeldiiGarden_89861.assembled.fna,Ga0131695_1000001,e450a38e,306528000
444000,0.0014484810523019104,0.03330576648372303,0.0014452187075895187,0.0014452187075895187,,,,"GCA_900178035.1 Saccharomyces cerevisiae, L528",/home/gotting/projects/fungal_associations_metagenomics/db/sourmash/genbank-2022.03-fungi-k31.zip,28444601eb145fbcd70e1aad111d48fe,0.03338094880084204,443000,4,3317000,MycgoeldiiGarden_89861.assembled.fna,Ga0131695_1000001,e450a38e,306528000
678000,0.0022118697150015658,0.009926911748663685,0.0011874934753105752,0.0011874934753105752,,,,"GCA_016630955.1 Didymella arachidicola strain=YY187, ASM1663095v1",/home/gotting/projects/fungal_associations_metagenomics/db/sourmash/genbank-2022.03-fungi-k31.zip,2f402034e894198ea35d41d97f137168,0.018490236718664777,364000,5,2953000,MycgoeldiiGarden_89861.assembled.fna,Ga0131695_1000001,e450a38e,306528000
652000,0.002127048752479382,0.008177654140387059,0.0011124595469255664,0.0011124595469255664,,,,"GCA_016618355.2 Astraeus odoratus, ASM1661835v2",/home/gotting/projects/fungal_associations_metagenomics/db/sourmash/genbank-2022.03-fungi-k31.zip,82d8f6e6f738e030dababdede9409399,0.015635866567543587,341000,6,2612000,MycgoeldiiGarden_89861.assembled.fna,Ga0131695_1000001,e450a38e,306528000
433000,0.0014125952604656018,0.004200168006720269,0.0007992744545359641,0.0007992744545359641,,,,"GCA_011033955.1 Fusarium oxysporum strain=EtdFoc-204, ASM1103395v1",/home/gotting/projects/fungal_associations_metagenomics/db/sourmash/genbank-2022.03-fungi-k31.zip,a03d0e8d627a71f6ddd5fe252641160f,0.007423154069019904,245000,7,2367000,MycgoeldiiGarden_89861.assembled.fna,Ga0131695_1000001,e450a38e,306528000
829000,0.0027044837665727113,0.004453383134607096,0.0007079288025889968,0.0007079288025889968,,,,"GCA_011764055.1 Rhizopus oryzae strain=GL1, ASM1176405v1",/home/gotting/projects/fungal_associations_metagenomics/db/sourmash/genbank-2022.03-fungi-k31.zip,61b12e2d200de1b56f1029980c4b7852,0.017013154924374576,217000,8,2150000,MycgoeldiiGarden_89861.assembled.fna,Ga0131695_1000001,e450a38e,306528000
274000,0.0008938824511953231,0.001358334563708844,0.000600271427080071,0.000600271427080071,,,,"GCA_900069095.1 Tubaria furfuracea, Tubaria_l100.fa",/home/gotting/projects/fungal_associations_metagenomics/db/sourmash/genbank-2022.03-fungi-k31.zip,c2eea0b8c5ca39e963d68e4a5ac2ebaf,0.002022737339435996,184000,9,1966000,MycgoeldiiGarden_89861.assembled.fna,Ga0131695_1000001,e450a38e,306528000
1587000,0.005177341058565613,0.0032112574418185096,0.0005806973588057208,0.0005806973588057208,,,,"GCA_009298925.1 Fusarium oxysporum strain=VPRI42339, ASM929892v1",/home/gotting/projects/fungal_associations_metagenomics/db/sourmash/genbank-2022.03-fungi-k31.zip,70d35a3c1bde8839889a2e1cfc584f5a,0.02863070539419087,178000,10,1788000,MycgoeldiiGarden_89861.assembled.fna,Ga0131695_1000001,e450a38e,306528000
622000,0.0020291784111076314,0.002947653735388785,0.0005676479799561541,0.0005676479799561541,,,,"GCA_008131165.1 Colletotrichum truncatum, ASM813116v1",/home/gotting/projects/fungal_associations_metagenomics/db/sourmash/genbank-2022.03-fungi-k31.zip,8114da992ab7d63207c3698d46dca18b,0.01053701507707945,174000,11,1614000,MycgoeldiiGarden_89861.assembled.fna,Ga0131695_1000001,e450a38e,306528000
177000,0.0005774350140933292,0.0013691231331566453,0.0003555955736506942,0.0003555955736506942,,,,"GCA_001013415.1 Puccinia arachidis strain=MRf11, ASM101341v1",/home/gotting/projects/fungal_associations_metagenomics/db/sourmash/genbank-2022.03-fungi-k31.zip,4af773e2a6b63626906a6dc3b629f1de,0.00222325499604336,109000,12,1505000,MycgoeldiiGarden_89861.assembled.fna,Ga0131695_1000001,e450a38e,306528000
182000,0.0005937467376552876,0.00820411846747067,0.000326234471239169,0.000326234471239169,,,,"GCA_900178075.1 Saccharomyces cerevisiae, L181",/home/gotting/projects/fungal_associations_metagenomics/db/sourmash/genbank-2022.03-fungi-k31.zip,ced9699ea668c04323c3b4b6e6e3fb7f,0.01493149561079662,100000,13,1405000,MycgoeldiiGarden_89861.assembled.fna,Ga0131695_1000001,e450a38e,306528000
191000,0.0006231078400668128,0.0017453375953562253,0.0002903486794028604,0.0002903486794028604,,,,"GCA_012071885.1 Fusarium subglutinans strain=RC 298, ASM1207188v1",/home/gotting/projects/fungal_associations_metagenomics/db/sourmash/genbank-2022.03-fungi-k31.zip,304db2d71d9a0278e839e5128aeadbe1,0.0037456121428431355,89000,14,1316000,MycgoeldiiGarden_89861.assembled.fna,Ga0131695_1000001,e450a38e,306528000
112000,0.0003653826077878693,0.0018418201516793066,0.0002772993005532937,0.0002772993005532937,,,,"GCA_006523515.1 Corynespora cassiicola, ASM652351v1",/home/gotting/projects/fungal_associations_metagenomics/db/sourmash/genbank-2022.03-fungi-k31.zip,7167e5138f1982745aae09de44bda150,0.0024268689057421453,85000,15,1231000,MycgoeldiiGarden_89861.assembled.fna,Ga0131695_1000001,e450a38e,306528000
140000,0.0004567282597348366,0.006089532587228439,0.00024141350871698507,0.00024141350871698507,,,,"GCA_900178025.1 Saccharomyces cerevisiae, L561",/home/gotting/projects/fungal_associations_metagenomics/db/sourmash/genbank-2022.03-fungi-k31.zip,e3fe6e7eef9a30561390a4dd9d98fadc,0.01152073732718894,74000,16,1157000,MycgoeldiiGarden_89861.assembled.fna,Ga0131695_1000001,e450a38e,306528000
197000,0.000642681908341163,0.001037162556970901,0.00023162647457981,0.00023162647457981,,,,"GCA_003314645.1 Morchella eximia strain=MG90, ASM331464v1",/home/gotting/projects/fungal_associations_metagenomics/db/sourmash/genbank-2022.03-fungi-k31.zip,bb2171a502df6f81830cb9d5c27229a7,0.00287776089751081,71000,17,1086000,MycgoeldiiGarden_89861.assembled.fna,Ga0131695_1000001,e450a38e,306528000
83000,0.00027077461112851026,0.0010006465716309,0.00021205240630545985,0.00021205240630545985,,,,"GCA_018398735.1 Podosphaera cerasi cultivar=Bing, WSU_PS_Poc_1.0",/home/gotting/projects/fungal_associations_metagenomics/db/sourmash/genbank-2022.03-fungi-k31.zip,8a12f0446eeb345eb805cf5090511900,0.0012777486991594569,65000,18,1021000,MycgoeldiiGarden_89861.assembled.fna,Ga0131695_1000001,e450a38e,306528000
266000,0.0008677836934961896,0.0009612465850450268,0.00018595364860632635,0.00018595364860632635,,,,"GCA_014602815.1 Fusarium oxysporum f. sp. niveum strain=R1, ASM1460281v1",/home/gotting/projects/fungal_associations_metagenomics/db/sourmash/genbank-2022.03-fungi-k31.zip,af2f051653169c3e9f916f5acaae3665,0.004485817396876791,57000,19,964000,MycgoeldiiGarden_89861.assembled.fna,Ga0131695_1000001,e450a38e,306528000
250000,0.0008155861780979226,0.000871466356811962,0.00018595364860632635,0.00018595364860632635,,,,"GCA_003031705.1 Calonectria naviculata strain=CBS 101121, ASM303170v1",/home/gotting/projects/fungal_associations_metagenomics/db/sourmash/genbank-2022.03-fungi-k31.zip,801cbc2e1fc9094032a45da6f4a29f25,0.00382222086321036,57000,20,907000,MycgoeldiiGarden_89861.assembled.fna,Ga0131695_1000001,e450a38e,306528000
347000,0.0011320336151999166,0.001393056150878697,0.0001696419250443679,0.0001696419250443679,,,,"GCA_016109465.1 Phialophora verrucosa strain=BMU 05960, ASM1610946v1",/home/gotting/projects/fungal_associations_metagenomics/db/sourmash/genbank-2022.03-fungi-k31.zip,fbdb7e135ceb47160bf81930fb24f040,0.009295970852978997,52000,21,855000,MycgoeldiiGarden_89861.assembled.fna,Ga0131695_1000001,e450a38e,306528000
214000,0.0006981417684518217,0.0009217079958168637,0.0001696419250443679,0.0001696419250443679,,,,"GCA_009297995.1 Fusarium oxysporum strain=RBG6423, ASM929799v1",/home/gotting/projects/fungal_associations_metagenomics/db/sourmash/genbank-2022.03-fungi-k31.zip,0e152f2585322fb308de0253cad0c133,0.0037931829058617085,52000,22,803000,MycgoeldiiGarden_89861.assembled.fna,Ga0131695_1000001,e450a38e,306528000
73000,0.00023815116400459338,0.00022255082813635936,0.00014680551205762605,0.00014680551205762605,,,,"GCA_002994575.1 Uromyces transversalis strain=FL11_1, FL11_1",/home/gotting/projects/fungal_associations_metagenomics/db/sourmash/genbank-2022.03-fungi-k31.zip,0e24fee54ab84513d41bd984b3764ceb,0.00036102689897676073,45000,23,758000,MycgoeldiiGarden_89861.assembled.fna,Ga0131695_1000001,e450a38e,306528000
85000,0.0002772993005532937,0.0004924840222513236,0.00014354316734523437,0.00014354316734523437,,,,"GCA_019425655.1 Rhizophagus prolifer strain=CMCC/AM-1901, ASM1942565v1",/home/gotting/projects/fungal_associations_metagenomics/db/sourmash/genbank-2022.03-fungi-k31.zip,16ab0d244111f43d7512a77ba47188bf,0.0009513895884400568,44000,24,714000,MycgoeldiiGarden_89861.assembled.fna,Ga0131695_1000001,e450a38e,306528000
76000,0.00024793819814176847,0.0005884660651235779,0.00012723144378327592,0.00012723144378327592,,,,"GCA_001179745.1 Clavaria fumosa, Cla_fum_l100.fa",/home/gotting/projects/fungal_associations_metagenomics/db/sourmash/genbank-2022.03-fungi-k31.zip,0843b6a64f1859895a164d6d010d6b2e,0.0011467543833177415,39000,25,675000,MycgoeldiiGarden_89861.assembled.fna,Ga0131695_1000001,e450a38e,306528000
54000,0.00017616661446915127,0.0008592036538765912,0.00012396909907088423,0.00012396909907088423,,,,"GCA_011057605.1 Pseudocercospora fijiensis strain=IIL-20, IIL_Mf_1.0",/home/gotting/projects/fungal_associations_metagenomics/db/sourmash/genbank-2022.03-fungi-k31.zip,950290875494593390c50397cc6cacb5,0.001220973613403577,38000,26,637000,MycgoeldiiGarden_89861.assembled.fna,Ga0131695_1000001,e450a38e,306528000
804000,0.002622925148762919,0.0007257890503932992,0.00012070675435849253,0.00012070675435849253,,,,"GCA_011764185.1 Rhizopus oryzae strain=GL21, ASM1176418v1",/home/gotting/projects/fungal_associations_metagenomics/db/sourmash/genbank-2022.03-fungi-k31.zip,2b721c99c1bc14bab22a9cb29d9eb9ba,0.015771199905843584,37000,27,600000,MycgoeldiiGarden_89861.assembled.fna,Ga0131695_1000001,e450a38e,306528000
76000,0.00024793819814176847,0.0009069380762835693,0.00011744440964610085,0.00011744440964610085,,,,"GCA_019054655.1 Fusarium oxysporum strain=S17/14, ASM1905465v1",/home/gotting/projects/fungal_associations_metagenomics/db/sourmash/genbank-2022.03-fungi-k31.zip,5525ee5b4782b002c13c7997d7c9e9c8,0.0019146470499319796,36000,28,564000,MycgoeldiiGarden_89861.assembled.fna,Ga0131695_1000001,e450a38e,306528000
55000,0.00017942895918154295,0.002550369803621525,9.78703413717507e-05,9.78703413717507e-05,,,,"GCA_900177875.1 Saccharomyces cerevisiae, L328",/home/gotting/projects/fungal_associations_metagenomics/db/sourmash/genbank-2022.03-fungi-k31.zip,bdcd9d11afc0120dc6e0a1e441054f20,0.00467567797330613,30000,29,534000,MycgoeldiiGarden_89861.assembled.fna,Ga0131695_1000001,e450a38e,306528000
27000,8.808330723457563e-05,0.0025534329487421977,8.808330723457563e-05,8.808330723457563e-05,,,,"GCA_000383075.1 Nosema bombycis CQ1 strain=CQ1, NosBomCQ1_v1.0",/home/gotting/projects/fungal_associations_metagenomics/db/sourmash/genbank-2022.03-fungi-k31.zip,db8216bdab0e94fd85888f3370c6e702,0.0025534329487421977,27000,30,507000,MycgoeldiiGarden_89861.assembled.fna,Ga0131695_1000001,e450a38e,306528000
58000,0.00018921599331871803,0.0006861157614512721,8.155861780979225e-05,8.155861780979225e-05,,,,"GCA_000770705.1 Beauveria bassiana D1-5 strain=D1-5, BBA1.0",/home/gotting/projects/fungal_associations_metagenomics/db/sourmash/genbank-2022.03-fungi-k31.zip,90c9a80df3c4cb3e5983ebd6cc1674d0,0.0015917885665669511,25000,31,482000,MycgoeldiiGarden_89861.assembled.fna,Ga0131695_1000001,e450a38e,306528000
55000,0.00017942895918154295,0.0018269011189769354,7.829627309740057e-05,7.829627309740057e-05,,,,"GCA_900177965.1 Saccharomyces cerevisiae, L715",/home/gotting/projects/fungal_associations_metagenomics/db/sourmash/genbank-2022.03-fungi-k31.zip,40a58acea52c4bea632b85a281641663,0.0041866483976554765,24000,32,458000,MycgoeldiiGarden_89861.assembled.fna,Ga0131695_1000001,e450a38e,306528000
92000,0.0003001357135400355,0.0008552093403733174,7.503392838500887e-05,7.503392838500887e-05,,,,"GCA_019022815.1 Rhizopus microsporus strain=SSU VM08-07, ASM1902281v1",/home/gotting/projects/fungal_associations_metagenomics/db/sourmash/genbank-2022.03-fungi-k31.zip,91dd415bc58cffd716398746dd16bfef,0.0034208373614932697,23000,33,435000,MycgoeldiiGarden_89861.assembled.fna,Ga0131695_1000001,e450a38e,306528000
27000,8.808330723457563e-05,0.00047758601975469447,7.177158367261718e-05,7.177158367261718e-05,,,,"GCA_905109925.1 Pyricularia oryzae, Assembly of M.oryzae isolate BTTrp_5 genome",/home/gotting/projects/fungal_associations_metagenomics/db/sourmash/genbank-2022.03-fungi-k31.zip,03948e7257014c8680943b0b1e53498f,0.0005861282969716704,22000,34,413000,MycgoeldiiGarden_89861.assembled.fna,Ga0131695_1000001,e450a38e,306528000
48000,0.00015659254619480113,0.00040451438048622626,6.52468942478338e-05,6.52468942478338e-05,,,,"GCA_019925775.1 Aureobasidium melanogenum strain=EXF-8258, ASM1992577v1",/home/gotting/projects/fungal_associations_metagenomics/db/sourmash/genbank-2022.03-fungi-k31.zip,146c715b73fe9ab0813401806a45d1b9,0.0009708345131669431,20000,35,393000,MycgoeldiiGarden_89861.assembled.fna,Ga0131695_1000001,e450a38e,306528000
66000,0.00021531475101785154,0.0014591084847158386,6.52468942478338e-05,6.52468942478338e-05,,,,"GCA_002549865.1 Malassezia furfur strain=4DS, AtyMaFurf",/home/gotting/projects/fungal_associations_metagenomics/db/sourmash/genbank-2022.03-fungi-k31.zip,f1a56ef941b7aae01f317b11e6c5f4bb,0.004815057999562267,20000,36,373000,MycgoeldiiGarden_89861.assembled.fna,Ga0131695_1000001,e450a38e,306528000
160000,0.0005219751539826704,0.00037627934978928356,6.52468942478338e-05,6.52468942478338e-05,,,,"GCA_019425465.1 Colletotrichum falcatum strain=CF08, ASM1942546v1",/home/gotting/projects/fungal_associations_metagenomics/db/sourmash/genbank-2022.03-fungi-k31.zip,988cf46c7bcd84d27800c617b30aa688,0.0030102347983142685,20000,37,353000,MycgoeldiiGarden_89861.assembled.fna,Ga0131695_1000001,e450a38e,306528000
18000,5.8722204823050425e-05,0.00041834197132033376,5.8722204823050425e-05,5.8722204823050425e-05,,,,"GCA_003049155.1 Annulohypoxylon stygium strain=MG137, ASM304915v1",/home/gotting/projects/fungal_associations_metagenomics/db/sourmash/genbank-2022.03-fungi-k31.zip,1a2a7aca16bfb27162e4717a6e58b992,0.00041834197132033376,18000,38,335000,MycgoeldiiGarden_89861.assembled.fna,Ga0131695_1000001,e450a38e,306528000
38000,0.00012396909907088423,0.0005299066039610519,5.219751539826704e-05,5.219751539826704e-05,,,,"GCA_001430955.1 Chrysosporium queenslandicum, ASM143095v1",/home/gotting/projects/fungal_associations_metagenomics/db/sourmash/genbank-2022.03-fungi-k31.zip,e4df559346c0e6b16588151718dad219,0.0012585281844074982,16000,39,319000,MycgoeldiiGarden_89861.assembled.fna,Ga0131695_1000001,e450a38e,306528000
325000,0.0010602620315272994,0.0002669425072574994,5.219751539826704e-05,5.219751539826704e-05,,,,"GCA_009298145.1 Fusarium oxysporum strain=RBG6406, ASM929814v1",/home/gotting/projects/fungal_associations_metagenomics/db/sourmash/genbank-2022.03-fungi-k31.zip,da0ff1ae47b5051c990de063f1dc849e,0.005422269678667957,16000,40,303000,MycgoeldiiGarden_89861.assembled.fna,Ga0131695_1000001,e450a38e,306528000
40000,0.0001304937884956676,0.0001319574569158903,4.893517068587535e-05,4.893517068587535e-05,,,,"GCA_003314295.1 Cantharellus lutescens strain=MG144, ASM331429v1",/home/gotting/projects/fungal_associations_metagenomics/db/sourmash/genbank-2022.03-fungi-k31.zip,962d0da28fbde9e858ee7dab0940317e,0.0003518865517757075,15000,41,288000,MycgoeldiiGarden_89861.assembled.fna,Ga0131695_1000001,e450a38e,306528000
2804000,0.009147614573546299,0.0002512066892752687,4.567282597348366e-05,4.567282597348366e-05,,,,"GCA_011421305.1 Fusarium oxysporum strain=EtdFoc-220, ASM1142130v1",/home/gotting/projects/fungal_associations_metagenomics/db/sourmash/genbank-2022.03-fungi-k31.zip,d9bbd65418480fa0830bdde70ec5c3ec,0.050313111194846674,14000,42,274000,MycgoeldiiGarden_89861.assembled.fna,Ga0131695_1000001,e450a38e,306528000
24000,7.829627309740057e-05,0.00022008253094910591,3.914813654870028e-05,3.914813654870028e-05,,,,"GCA_003957845.1 Oidium heveae strain=HO-73, ASM395784v1",/home/gotting/projects/fungal_associations_metagenomics/db/sourmash/genbank-2022.03-fungi-k31.zip,811fed6e00560fff0b0d12e2f1447ae2,0.00044016506189821183,12000,43,262000,MycgoeldiiGarden_89861.assembled.fna,Ga0131695_1000001,e450a38e,306528000
28000,9.134565194696732e-05,0.0002300084336425669,3.914813654870028e-05,3.914813654870028e-05,,,,"GCA_009299095.1 Fusarium oxysporum strain=VPRI42119, ASM929909v1",/home/gotting/projects/fungal_associations_metagenomics/db/sourmash/genbank-2022.03-fungi-k31.zip,1272cfb8e991ce07671a5268f45a1f0a,0.0005366863451659894,12000,44,250000,MycgoeldiiGarden_89861.assembled.fna,Ga0131695_1000001,e450a38e,306528000
435000,0.0014191199498903853,0.0002770466823659787,3.914813654870028e-05,3.914813654870028e-05,,,,"GCA_011801335.1 Rhizopus oryzae strain=GL22, ASM1180133v1",/home/gotting/projects/fungal_associations_metagenomics/db/sourmash/genbank-2022.03-fungi-k31.zip,df7e3f4604e181f7bf310cab4cc909e9,0.010042942235766726,12000,45,238000,MycgoeldiiGarden_89861.assembled.fna,Ga0131695_1000001,e450a38e,306528000
31000,0.0001011326860841424,0.0003879660000705393,3.588579183630859e-05,3.588579183630859e-05,,,,"GCA_900010545.1 Microbotryum lychnidis-dioicae, MvSl-576-A2-G1-20131224",/home/gotting/projects/fungal_associations_metagenomics/db/sourmash/genbank-2022.03-fungi-k31.zip,5f7719366ba75844e8cd95cbfddcdb02,0.0010933587274715199,11000,46,227000,MycgoeldiiGarden_89861.assembled.fna,Ga0131695_1000001,e450a38e,306528000
28000,9.134565194696732e-05,0.00021333126466652444,3.588579183630859e-05,3.588579183630859e-05,,,,"GCA_003521295.1 Cantharellus cibarius strain=MG75, ASM352129v1",/home/gotting/projects/fungal_associations_metagenomics/db/sourmash/genbank-2022.03-fungi-k31.zip,49d17a7b6460024ffe0a27480bc6b2d5,0.0005430250373329713,11000,47,216000,MycgoeldiiGarden_89861.assembled.fna,Ga0131695_1000001,e450a38e,306528000
77000,0.00025120054285416015,0.00017521726941407346,3.26234471239169e-05,3.26234471239169e-05,,,,"GCA_018092595.1 Pestalotiopsis kenyana strain=PG52, ASM1809259v1",/home/gotting/projects/fungal_associations_metagenomics/db/sourmash/genbank-2022.03-fungi-k31.zip,729a6b81065ea2c55ada3a0944f6b43d,0.0013491729744883655,10000,48,206000,MycgoeldiiGarden_89861.assembled.fna,Ga0131695_1000001,e450a38e,306528000
