intersect_bp,f_orig_query,f_match,f_unique_to_query,f_unique_weighted,average_abund,median_abund,std_abund,name,filename,md5,f_match_orig,unique_intersect_bp,gather_result_rank,remaining_bp,query_filename,query_name,query_md5,query_bp
1535000,0.005007699133521244,0.024970718375845913,0.005007699133521244,0.005007699133521244,,,,"GCA_000252605.1 Pseudoperonospora cubensis, ASM25260v1",/home/gotting/projects/fungal_associations_metagenomics/db/sourmash/genbank-2022.03-protozoa-k31.zip,dfc0f3aeb81135e5b79bb7dde23e4ff0,0.024970718375845913,1535000,0,1957000,MycgoeldiiGarden_89861.assembled.fna,Ga0131695_1000001,e450a38e,306528000
552000,0.001800814281240213,0.00791869918699187,0.001588761874934753,0.001588761874934753,,,,"GCA_900092235.1 Rostrostelium ellipticum, ASM90009223v1",/home/gotting/projects/fungal_associations_metagenomics/db/sourmash/genbank-2022.03-protozoa-k31.zip,82c7d894bf0e1c8a80ca640f4c3fcdec,0.00897560975609756,487000,1,1470000,MycgoeldiiGarden_89861.assembled.fna,Ga0131695_1000001,e450a38e,306528000
414000,0.0013506107109301597,0.003535555444505522,0.0009232435536068483,0.0009232435536068483,,,,"GCA_015144965.1 Chromulinospumella sphaerica strain=JBC27, ASM1514496v1",/home/gotting/projects/fungal_associations_metagenomics/db/sourmash/genbank-2022.03-protozoa-k31.zip,792e49b1775670b0fb3f8a44fcc7d7a1,0.005172155314576983,283000,2,1187000,MycgoeldiiGarden_89861.assembled.fna,Ga0131695_1000001,e450a38e,306528000
413000,0.001347348366217768,0.0037752890173410403,0.0006818300448898632,0.0006818300448898632,,,,"GCA_900092245.1 Acytostelium leptosomum, ASM90009224v1",/home/gotting/projects/fungal_associations_metagenomics/db/sourmash/genbank-2022.03-protozoa-k31.zip,3e2ce51a8fb67a45fbb75ad2dcb7cff9,0.007460260115606936,209000,3,978000,MycgoeldiiGarden_89861.assembled.fna,Ga0131695_1000001,e450a38e,306528000
172000,0.0005611232905313707,0.003480577518047439,0.0005284998434074538,0.0005284998434074538,,,,"GCA_003057635.1 Cyclospora cayetanensis strain=CDC:HCTX205:15, ASM305763v1",/home/gotting/projects/fungal_associations_metagenomics/db/sourmash/genbank-2022.03-protozoa-k31.zip,14f0ea8673e6efcaa95617ea984dbb3d,0.0036954279821244415,162000,4,816000,MycgoeldiiGarden_89861.assembled.fna,Ga0131695_1000001,e450a38e,306528000
230000,0.0007503392838500888,0.0005767677932864229,0.0004893517068587536,0.0004893517068587536,,,,"GCA_003640625.1 Plasmopara obducens strain=PA1-1, ASM364062v1",/home/gotting/projects/fungal_associations_metagenomics/db/sourmash/genbank-2022.03-protozoa-k31.zip,9c3e6b6322f38622fb32c9b943118532,0.0008843772830391817,150000,5,666000,MycgoeldiiGarden_89861.assembled.fna,Ga0131695_1000001,e450a38e,306528000
177000,0.0005774350140933292,0.0003676594493074215,0.0003914813654870028,0.0003914813654870028,,,,"GCA_003640505.1 Plasmopara halstedii, ASM364050v1",/home/gotting/projects/fungal_associations_metagenomics/db/sourmash/genbank-2022.03-protozoa-k31.zip,5905a6d59272b14945d51be7ae4ba091,0.0005422976877284467,120000,6,546000,MycgoeldiiGarden_89861.assembled.fna,Ga0131695_1000001,e450a38e,306528000
82000,0.0002675122664161186,0.0011670013214573787,0.00022183944044263493,0.00022183944044263493,,,,"GCA_000318465.2 Phytophthora lateralis MPF4 strain=MPF4, MPF4_v2.0",/home/gotting/projects/fungal_associations_metagenomics/db/sourmash/genbank-2022.03-protozoa-k31.zip,6326779a8412ca0bbcba967fdc89d7c2,0.0014072662994044861,68000,7,478000,MycgoeldiiGarden_89861.assembled.fna,Ga0131695_1000001,e450a38e,306528000
110000,0.0003588579183630859,0.0009424034429139115,0.0001957406827435014,0.0001957406827435014,,,,"GCA_015146115.1 Spumella sp. AR4D6 strain=AR4D6, ASM1514611v1",/home/gotting/projects/fungal_associations_metagenomics/db/sourmash/genbank-2022.03-protozoa-k31.zip,baa215f16bb4db7a11db14f37353e5eb,0.001727739645342171,60000,8,418000,MycgoeldiiGarden_89861.assembled.fna,Ga0131695_1000001,e450a38e,306528000
54000,0.00017616661446915127,0.0003120502337192567,0.00015985489090719282,0.00015985489090719282,,,,"GCA_000413255.3 Physarum polycephalum strain=LU352, Physarum_polycephalum-10.0",/home/gotting/projects/fungal_associations_metagenomics/db/sourmash/genbank-2022.03-protozoa-k31.zip,200cb1bbde8cc7f8e754aeb27195d81f,0.0003438920943028543,49000,9,369000,MycgoeldiiGarden_89861.assembled.fna,Ga0131695_1000001,e450a38e,306528000
67000,0.00021857709573024325,0.00019396865251054704,0.00011744440964610085,0.00011744440964610085,,,,"GCA_003640485.1 Plasmopara obducens strain=H12-14-11, ASM364048v1",/home/gotting/projects/fungal_associations_metagenomics/db/sourmash/genbank-2022.03-protozoa-k31.zip,51d003d9989562ae241ddbed6f67cca3,0.0003609972143946292,36000,10,333000,MycgoeldiiGarden_89861.assembled.fna,Ga0131695_1000001,e450a38e,306528000
54000,0.00017616661446915127,0.0015942980399512331,0.00011091972022131747,0.00011091972022131747,,,,"GCA_917563895.1 Entamoeba histolytica HM-1:IMSS strain=Rahman, Assembly 1",/home/gotting/projects/fungal_associations_metagenomics/db/sourmash/genbank-2022.03-protozoa-k31.zip,505c743e0d67a7bc0ca1aafdd563b0cc,0.002532120416393135,34000,11,299000,MycgoeldiiGarden_89861.assembled.fna,Ga0131695_1000001,e450a38e,306528000
40000,0.0001304937884956676,0.0005104798510599964,0.00011091972022131747,0.00011091972022131747,,,,"GCA_000258005.2 Hammondia hammondi strain=H.H.34, HHA1 v02",/home/gotting/projects/fungal_associations_metagenomics/db/sourmash/genbank-2022.03-protozoa-k31.zip,c8bda741a45f3b4ab80122c5ada99cfe,0.0006005645306588193,34000,12,265000,MycgoeldiiGarden_89861.assembled.fna,Ga0131695_1000001,e450a38e,306528000
128000,0.00041758012318613634,0.0003913578967966205,0.00011091972022131747,0.00011091972022131747,,,,"GCA_015148565.1 Spumella vulgaris strain=199hm, ASM1514856v1",/home/gotting/projects/fungal_associations_metagenomics/db/sourmash/genbank-2022.03-protozoa-k31.zip,94cabb7630b655f343d0190d8276d5cf,0.0014733473761755125,34000,13,231000,MycgoeldiiGarden_89861.assembled.fna,Ga0131695_1000001,e450a38e,306528000
76000,0.00024793819814176847,0.0002589188289471251,9.134565194696732e-05,9.134565194696732e-05,,,,"GCA_015146095.1 Dinobryon divergens strain=FU18 K-A, ASM1514609v1",/home/gotting/projects/fungal_associations_metagenomics/db/sourmash/genbank-2022.03-protozoa-k31.zip,421186d2f8c066f8633c2177bf397a79,0.0007027796785707681,28000,14,203000,MycgoeldiiGarden_89861.assembled.fna,Ga0131695_1000001,e450a38e,306528000
65000,0.00021205240630545985,0.00021531475101785154,7.177158367261718e-05,7.177158367261718e-05,,,,"GCA_015143345.1 Mallomonas annulata strain=WA18K-M, ASM1514334v1",/home/gotting/projects/fungal_associations_metagenomics/db/sourmash/genbank-2022.03-protozoa-k31.zip,4c23391f45a3bbfbff55e25a2d3705b9,0.0006361572189163795,22000,15,181000,MycgoeldiiGarden_89861.assembled.fna,Ga0131695_1000001,e450a38e,306528000
71000,0.00023162647457981,0.00019937150506498563,6.85092389602255e-05,6.85092389602255e-05,,,,"GCA_015148605.1 Chromulina nebulosa strain=CCAC 4401 B, ASM1514860v1",/home/gotting/projects/fungal_associations_metagenomics/db/sourmash/genbank-2022.03-protozoa-k31.zip,9a3d8d75b256ba95b35df43535189419,0.0006740655647435228,21000,16,160000,MycgoeldiiGarden_89861.assembled.fna,Ga0131695_1000001,e450a38e,306528000
73000,0.00023815116400459338,0.00035774807004330635,6.198454953544212e-05,6.198454953544212e-05,,,,"GCA_015148585.1 Pedospumella encystans strain=1006, ASM1514858v1",/home/gotting/projects/fungal_associations_metagenomics/db/sourmash/genbank-2022.03-protozoa-k31.zip,d4bdf10eef012818df1c6778b7a57478,0.0013745057427979664,19000,17,141000,MycgoeldiiGarden_89861.assembled.fna,Ga0131695_1000001,e450a38e,306528000
29000,9.460799665935902e-05,0.0003794266441821248,5.8722204823050425e-05,5.8722204823050425e-05,,,,"GCA_002893405.1 Cyclospora cayetanensis strain=CDC:HCFL47:13, ASM289340v1",/home/gotting/projects/fungal_associations_metagenomics/db/sourmash/genbank-2022.03-protozoa-k31.zip,8651de2acd70c36d61b6b4cf7a53a1f6,0.0006112984822934233,18000,18,123000,MycgoeldiiGarden_89861.assembled.fna,Ga0131695_1000001,e450a38e,306528000
70000,0.0002283641298674183,0.0002042360969280488,5.5459860110658734e-05,5.5459860110658734e-05,,,,"GCA_015143705.1 Dinobryon sp. LO226KS strain=LO226KS, ASM1514370v1",/home/gotting/projects/fungal_associations_metagenomics/db/sourmash/genbank-2022.03-protozoa-k31.zip,c13b7f1198cf0699372db4b77cfdef19,0.0008409721638213775,17000,19,106000,MycgoeldiiGarden_89861.assembled.fna,Ga0131695_1000001,e450a38e,306528000
18000,5.8722204823050425e-05,0.00032692888039432654,4.2410481261091975e-05,4.2410481261091975e-05,,,,"GCA_006386115.1 Globisporangium splendens strain=rgcb-1, DCB_P.spl",/home/gotting/projects/fungal_associations_metagenomics/db/sourmash/genbank-2022.03-protozoa-k31.zip,dc7b8aed738e0dea7ca0028b4452fdfe,0.0004526707574690675,13000,20,93000,MycgoeldiiGarden_89861.assembled.fna,Ga0131695_1000001,e450a38e,306528000
257000,0.0008384225910846644,0.00019734570033055405,3.914813654870028e-05,3.914813654870028e-05,,,,"GCA_900092255.1 Synstelium polycarpum, ASM90009225v1",/home/gotting/projects/fungal_associations_metagenomics/db/sourmash/genbank-2022.03-protozoa-k31.zip,d39153ac5e62f81d040265daae186043,0.004226487082079366,12000,21,81000,MycgoeldiiGarden_89861.assembled.fna,Ga0131695_1000001,e450a38e,306528000
31000,0.0001011326860841424,0.00013167423793534794,3.914813654870028e-05,3.914813654870028e-05,,,,"GCA_900617105.1 Hydrurus foetidus, Hfo_v1",/home/gotting/projects/fungal_associations_metagenomics/db/sourmash/genbank-2022.03-protozoa-k31.zip,dd177cca4c2f2f6f9152c1821d2e4c33,0.00034015844799964884,12000,22,69000,MycgoeldiiGarden_89861.assembled.fna,Ga0131695_1000001,e450a38e,306528000
