intersect_bp,f_orig_query,f_match,f_unique_to_query,f_unique_weighted,average_abund,median_abund,std_abund,name,filename,md5,f_match_orig,unique_intersect_bp,gather_result_rank,remaining_bp,query_filename,query_name,query_md5,query_bp
3864000,0.04753410670570434,0.04308124560992742,0.04753410670570434,0.013497652582159625,1.2916666666666667,1.0,1.2825767108924404,"GCA_000382605.1 Leucoagaricus gongylophorus Ac12 strain=Ac12, LAG Assembly",/home/gotting/projects/fungal_associations_metagenomics/db/sourmash/genbank-2022.03-fungi-k31.zip,6095686dfa38e959cbd064e7b1756f76,0.04308124560992742,3864000,0,5190000,reverse/11463.2.TCAG.2009_10_03_00_06_46.F3GTV4A02.fastq.gz.abundtrim,11463.1.TCAG.2009_10_03_00_06_46.F3GTV4A01,d7900a34,81289000
3849000,0.04734957989395859,0.06772831251099772,0.04734957989395859,0.32074165422643386,30.813198233307354,32.0,9.105722529402895,"GCA_011421375.1 Fusarium oxysporum strain=EtdFoc-189, ASM1142137v1",/home/gotting/projects/fungal_associations_metagenomics/db/sourmash/genbank-2022.03-fungi-k31.zip,0559f50fbf6dd49b2e6c34275b92f269,0.06772831251099772,3849000,1,1341000,reverse/11463.2.TCAG.2009_10_03_00_06_46.F3GTV4A02.fastq.gz.abundtrim,11463.1.TCAG.2009_10_03_00_06_46.F3GTV4A01,d7900a34,81289000
2027000,0.02493572316057523,0.004791682083919189,0.0063723258989531175,0.001525280716557409,1.0888030888030888,1.0,0.4212388832327995,"GCA_022457215.1 Leucoagaricus gongylophorus strain=LEU18496, HybridAssembly_LEU18496",/home/gotting/projects/fungal_associations_metagenomics/db/sourmash/genbank-2022.03-fungi-k31.zip,49e72065873690f56cbf53e83438fb8f,0.01875046251757567,518000,2,823000,reverse/11463.2.TCAG.2009_10_03_00_06_46.F3GTV4A02.fastq.gz.abundtrim,11463.1.TCAG.2009_10_03_00_06_46.F3GTV4A01,d7900a34,81289000
316000,0.003887364834110396,0.0038938364337482573,0.0038135541094120977,0.002861253542761948,3.412903225806452,1.0,6.088897454912606,"GCA_001013415.1 Puccinia arachidis strain=MRf11, ASM101341v1",/home/gotting/projects/fungal_associations_metagenomics/db/sourmash/genbank-2022.03-fungi-k31.zip,4af773e2a6b63626906a6dc3b629f1de,0.00396920100988532,310000,3,513000,reverse/11463.2.TCAG.2009_10_03_00_06_46.F3GTV4A02.fastq.gz.abundtrim,11463.1.TCAG.2009_10_03_00_06_46.F3GTV4A01,d7900a34,81289000
467000,0.005744934739017579,0.0029736924146862033,0.001525421643764839,0.004105276822223665,12.241935483870968,5.0,16.3708882883818,"GCA_016618355.2 Astraeus odoratus, ASM1661835v2",/home/gotting/projects/fungal_associations_metagenomics/db/sourmash/genbank-2022.03-fungi-k31.zip,82d8f6e6f738e030dababdede9409399,0.0111993093359553,124000,4,389000,reverse/11463.2.TCAG.2009_10_03_00_06_46.F3GTV4A02.fastq.gz.abundtrim,11463.1.TCAG.2009_10_03_00_06_46.F3GTV4A01,d7900a34,81289000
94000,0.0011563680202733458,0.0027157620004937748,0.0009472376336281662,0.004340559485947946,20.844155844155843,4.0,59.41840742708035,"GCA_900010545.1 Microbotryum lychnidis-dioicae, MvSl-576-A2-G1-20131224",/home/gotting/projects/fungal_associations_metagenomics/db/sourmash/genbank-2022.03-fungi-k31.zip,5f7719366ba75844e8cd95cbfddcdb02,0.003315345818784608,77000,5,312000,reverse/11463.2.TCAG.2009_10_03_00_06_46.F3GTV4A02.fastq.gz.abundtrim,11463.1.TCAG.2009_10_03_00_06_46.F3GTV4A01,d7900a34,81289000
431000,0.0053020703908277875,0.0019020574367766823,0.0008734269089298675,0.003829428181995197,19.943661971830984,26.0,14.13505015654315,"GCA_016109465.1 Phialophora verrucosa strain=BMU 05960, ASM1610946v1",/home/gotting/projects/fungal_associations_metagenomics/db/sourmash/genbank-2022.03-fungi-k31.zip,fbdb7e135ceb47160bf81930fb24f040,0.011546292327475354,71000,6,241000,reverse/11463.2.TCAG.2009_10_03_00_06_46.F3GTV4A02.fastq.gz.abundtrim,11463.1.TCAG.2009_10_03_00_06_46.F3GTV4A01,d7900a34,81289000
99000,0.001217876957521928,0.0015115634604726156,0.0007381072469829866,0.001195344107656693,7.366666666666666,3.0,8.710083556175311,"GCA_019054655.1 Fusarium oxysporum strain=S17/14, ASM1905465v1",/home/gotting/projects/fungal_associations_metagenomics/db/sourmash/genbank-2022.03-fungi-k31.zip,5525ee5b4782b002c13c7997d7c9e9c8,0.0024940797097798154,60000,7,181000,reverse/11463.2.TCAG.2009_10_03_00_06_46.F3GTV4A02.fastq.gz.abundtrim,11463.1.TCAG.2009_10_03_00_06_46.F3GTV4A01,d7900a34,81289000
44000,0.0005412786477875236,0.0004449511944158625,0.0003936571983909262,0.0007518227645442548,8.6875,4.5,9.777005868362767,"GCA_020740365.1 Calonectria ilicicola strain=GDGZ125, ASM2074036v1",/home/gotting/projects/fungal_associations_metagenomics/db/sourmash/genbank-2022.03-fungi-k31.zip,69a3fa10f8626e173cee829a21fc49ae,0.000611807892321811,32000,8,149000,reverse/11463.2.TCAG.2009_10_03_00_06_46.F3GTV4A02.fastq.gz.abundtrim,11463.1.TCAG.2009_10_03_00_06_46.F3GTV4A01,d7900a34,81289000
42000,0.0005166750728880906,0.0001384760708404014,0.00034445004859206044,0.0006625776162350447,8.75,3.5,9.352711600691764,"GCA_002994575.1 Uromyces transversalis strain=FL11_1, FL11_1",/home/gotting/projects/fungal_associations_metagenomics/db/sourmash/genbank-2022.03-fungi-k31.zip,0e24fee54ab84513d41bd984b3764ceb,0.00020771410626060208,28000,9,121000,reverse/11463.2.TCAG.2009_10_03_00_06_46.F3GTV4A02.fastq.gz.abundtrim,11463.1.TCAG.2009_10_03_00_06_46.F3GTV4A01,d7900a34,81289000
41000,0.0005043732854383742,0.0001697918204636055,0.0002829411113434782,0.0006733952099694944,10.826086956521738,5.0,13.457347028144769,"GCA_900069095.1 Tubaria furfuracea, Tubaria_l100.fa",/home/gotting/projects/fungal_associations_metagenomics/db/sourmash/genbank-2022.03-fungi-k31.zip,c2eea0b8c5ca39e963d68e4a5ac2ebaf,0.0003026723756090359,23000,10,98000,reverse/11463.2.TCAG.2009_10_03_00_06_46.F3GTV4A02.fastq.gz.abundtrim,11463.1.TCAG.2009_10_03_00_06_46.F3GTV4A01,d7900a34,81289000
3563000,0.04383126868333969,0.0003229800290682026,0.000221432174094896,0.001425217974513749,29.27777777777778,31.0,10.048800677778836,"GCA_011421305.1 Fusarium oxysporum strain=EtdFoc-220, ASM1142130v1",/home/gotting/projects/fungal_associations_metagenomics/db/sourmash/genbank-2022.03-fungi-k31.zip,d9bbd65418480fa0830bdde70ec5c3ec,0.06393210242055589,18000,11,80000,reverse/11463.2.TCAG.2009_10_03_00_06_46.F3GTV4A02.fastq.gz.abundtrim,11463.1.TCAG.2009_10_03_00_06_46.F3GTV4A01,d7900a34,81289000
43000,0.0005289768603378071,0.0004940033482449159,0.000221432174094896,0.00045433893684688776,9.333333333333334,5.0,9.26162932629987,"GCA_000770705.1 Beauveria bassiana D1-5 strain=D1-5, BBA1.0",/home/gotting/projects/fungal_associations_metagenomics/db/sourmash/genbank-2022.03-fungi-k31.zip,90c9a80df3c4cb3e5983ebd6cc1674d0,0.001180119109696188,18000,12,62000,reverse/11463.2.TCAG.2009_10_03_00_06_46.F3GTV4A02.fastq.gz.abundtrim,11463.1.TCAG.2009_10_03_00_06_46.F3GTV4A01,d7900a34,81289000
21000,0.0002583375364440453,0.00012329696072991802,0.0001968285991954631,7.301875770753553e-05,1.6875,1.0,1.0439558180306292,"GCA_010015925.1 Podosphaera xanthii, POXAN_niab_assembly",/home/gotting/projects/fungal_associations_metagenomics/db/sourmash/genbank-2022.03-fungi-k31.zip,a5f1c1678d3bce27d6179dd853813289,0.0001618272609580174,16000,13,46000,reverse/11463.2.TCAG.2009_10_03_00_06_46.F3GTV4A02.fastq.gz.abundtrim,11463.1.TCAG.2009_10_03_00_06_46.F3GTV4A01,d7900a34,81289000
47000,0.0005781840101366729,0.00019844849359552588,0.0001353196619468809,0.00019201228878648233,6.454545454545454,2.0,9.335792670865631,"GCA_009298925.1 Fusarium oxysporum strain=VPRI42339, ASM929892v1",/home/gotting/projects/fungal_associations_metagenomics/db/sourmash/genbank-2022.03-fungi-k31.zip,70d35a3c1bde8839889a2e1cfc584f5a,0.000847916290817247,11000,14,35000,reverse/11463.2.TCAG.2009_10_03_00_06_46.F3GTV4A02.fastq.gz.abundtrim,11463.1.TCAG.2009_10_03_00_06_46.F3GTV4A01,d7900a34,81289000
47000,0.0005781840101366729,0.00011192818687530081,0.00012301787449716444,0.00015144631228229593,5.6,2.5,8.777243302996675,"GCA_019425655.1 Rhizophagus prolifer strain=CMCC/AM-1901, ASM1942565v1",/home/gotting/projects/fungal_associations_metagenomics/db/sourmash/genbank-2022.03-fungi-k31.zip,16ab0d244111f43d7512a77ba47188bf,0.0005260624783139138,10000,15,25000,reverse/11463.2.TCAG.2009_10_03_00_06_46.F3GTV4A02.fastq.gz.abundtrim,11463.1.TCAG.2009_10_03_00_06_46.F3GTV4A01,d7900a34,81289000
