intersect_bp,f_orig_query,f_match,f_unique_to_query,f_unique_weighted,average_abund,median_abund,std_abund,name,filename,md5,f_match_orig,unique_intersect_bp,gather_result_rank,remaining_bp,query_filename,query_name,query_md5,query_bp
794000,0.006058109015442837,0.014342485549132948,0.006058109015442837,0.011835892393702767,5.2153652392947105,2.0,14.432251725008326,"GCA_900092245.1 Acytostelium leptosomum, ASM90009224v1",/home/gotting/projects/fungal_associations_metagenomics/db/sourmash/genbank-2022.03-protozoa-k31.zip,3e2ce51a8fb67a45fbb75ad2dcb7cff9,0.014342485549132948,794000,0,1101000,reverse/11475.2.TCAG.2009_10_14_07_47_07.F31SS7V02.fastq.gz.abundtrim,11475.1.TCAG.2009_10_14_07_47_07.F31SS7V01,0d35be03,131064000
618000,0.004715253616553745,0.00989068193649141,0.004638955014344137,0.0062051973887294635,3.570723684210526,1.0,7.8803719022890295,"GCA_000252605.1 Pseudoperonospora cubensis, ASM25260v1",/home/gotting/projects/fungal_associations_metagenomics/db/sourmash/genbank-2022.03-protozoa-k31.zip,dfc0f3aeb81135e5b79bb7dde23e4ff0,0.010053357626236336,608000,1,493000,reverse/11475.2.TCAG.2009_10_14_07_47_07.F31SS7V02.fastq.gz.abundtrim,11475.1.TCAG.2009_10_14_07_47_07.F31SS7V01,0d35be03,131064000
169000,0.001289446377342367,0.0005421617256892375,0.001075810291155466,0.0015062823693507265,3.7375886524822697,1.0,7.235300961328837,"GCA_003640625.1 Plasmopara obducens strain=PA1-1, ASM364062v1",/home/gotting/projects/fungal_associations_metagenomics/db/sourmash/genbank-2022.03-protozoa-k31.zip,9c3e6b6322f38622fb32c9b943118532,0.0006498250471027031,141000,2,352000,reverse/11475.2.TCAG.2009_10_14_07_47_07.F31SS7V02.fastq.gz.abundtrim,11475.1.TCAG.2009_10_14_07_47_07.F31SS7V01,0d35be03,131064000
90000,0.0006866874198864677,0.0032354871987245615,0.0005264603552462919,0.004027233127922531,20.420289855072465,3.0,50.275590007881775,"GCA_917563895.1 Entamoeba histolytica HM-1:IMSS strain=Rahman, Assembly 1",/home/gotting/projects/fungal_associations_metagenomics/db/sourmash/genbank-2022.03-protozoa-k31.zip,505c743e0d67a7bc0ca1aafdd563b0cc,0.004220200693988559,69000,3,283000,reverse/11475.2.TCAG.2009_10_14_07_47_07.F31SS7V02.fastq.gz.abundtrim,11475.1.TCAG.2009_10_14_07_47_07.F31SS7V01,0d35be03,131064000
100000,0.0007629860220960752,0.0008620258857628305,0.0005264603552462919,0.0002858220814707261,1.4492753623188406,1.0,0.7900877200254499,"GCA_015144965.1 Chromulinospumella sphaerica strain=JBC27, ASM1514496v1",/home/gotting/projects/fungal_associations_metagenomics/db/sourmash/genbank-2022.03-protozoa-k31.zip,792e49b1775670b0fb3f8a44fcc7d7a1,0.0012493128779171455,69000,4,214000,reverse/11475.2.TCAG.2009_10_14_07_47_07.F31SS7V02.fastq.gz.abundtrim,11475.1.TCAG.2009_10_14_07_47_07.F31SS7V01,0d35be03,131064000
151000,0.0011521088933650735,0.0007154471544715447,0.0003357138497222731,0.00015720214480889936,1.25,1.0,0.6784005252999681,"GCA_900092235.1 Rostrostelium ellipticum, ASM90009223v1",/home/gotting/projects/fungal_associations_metagenomics/db/sourmash/genbank-2022.03-protozoa-k31.zip,82c7d894bf0e1c8a80ca640f4c3fcdec,0.0024552845528455283,44000,5,170000,reverse/11475.2.TCAG.2009_10_14_07_47_07.F31SS7V02.fastq.gz.abundtrim,11475.1.TCAG.2009_10_14_07_47_07.F31SS7V01,0d35be03,131064000
39000,0.0002975645486174693,0.0004976917400332938,0.0002212659464078618,0.000700264099603279,8.448275862068966,2.0,15.910495791699681,"GCA_000318465.2 Phytophthora lateralis MPF4 strain=MPF4, MPF4_v2.0",/home/gotting/projects/fungal_associations_metagenomics/db/sourmash/genbank-2022.03-protozoa-k31.zip,6326779a8412ca0bbcba967fdc89d7c2,0.0006693095814240849,29000,6,141000,reverse/11475.2.TCAG.2009_10_14_07_47_07.F31SS7V02.fastq.gz.abundtrim,11475.1.TCAG.2009_10_14_07_47_07.F31SS7V01,0d35be03,131064000
39000,0.0002975645486174693,6.740423237302728e-05,0.00016785692486113654,7.717196199709605e-05,1.2272727272727273,1.0,0.516264395072752,"GCA_003640505.1 Plasmopara halstedii, ASM364050v1",/home/gotting/projects/fungal_associations_metagenomics/db/sourmash/genbank-2022.03-protozoa-k31.zip,5905a6d59272b14945d51be7ae4ba091,0.000119489321024912,22000,7,119000,reverse/11475.2.TCAG.2009_10_14_07_47_07.F31SS7V02.fastq.gz.abundtrim,11475.1.TCAG.2009_10_14_07_47_07.F31SS7V01,0d35be03,131064000
22000,0.00016785692486113654,0.00034376074252320387,0.00012207776353537203,5.716441629414522e-05,1.25,1.0,0.4330127018922193,"GCA_003057635.1 Cyclospora cayetanensis strain=CDC:HCTX205:15, ASM305763v1",/home/gotting/projects/fungal_associations_metagenomics/db/sourmash/genbank-2022.03-protozoa-k31.zip,14f0ea8673e6efcaa95617ea984dbb3d,0.0004726710209694053,16000,8,103000,reverse/11475.2.TCAG.2009_10_14_07_47_07.F31SS7V02.fastq.gz.abundtrim,11475.1.TCAG.2009_10_14_07_47_07.F31SS7V01,0d35be03,131064000
109000,0.000831654764084722,0.00024668212541319255,0.00011444790331441128,0.00024009054843540992,5.6,1.0,10.793825395413188,"GCA_900092255.1 Synstelium polycarpum, ASM90009225v1",/home/gotting/projects/fungal_associations_metagenomics/db/sourmash/genbank-2022.03-protozoa-k31.zip,d39153ac5e62f81d040265daae186043,0.0017925567780025327,15000,9,88000,reverse/11475.2.TCAG.2009_10_14_07_47_07.F31SS7V02.fastq.gz.abundtrim,11475.1.TCAG.2009_10_14_07_47_07.F31SS7V01,0d35be03,131064000
17000,0.00012970762375633278,9.493881193570743e-05,7.629860220960752e-05,5.716441629414522e-05,2.0,1.0,2.4083189157584592,"GCA_015148605.1 Chromulina nebulosa strain=CCAC 4401 B, ASM1514860v1",/home/gotting/projects/fungal_associations_metagenomics/db/sourmash/genbank-2022.03-protozoa-k31.zip,9a3d8d75b256ba95b35df43535189419,0.00016139598029070264,10000,10,78000,reverse/11475.2.TCAG.2009_10_14_07_47_07.F31SS7V02.fastq.gz.abundtrim,11475.1.TCAG.2009_10_14_07_47_07.F31SS7V01,0d35be03,131064000
13000,9.918818287248977e-05,0.00015928893419774127,7.629860220960752e-05,0.0007802942824150823,27.3,2.5,74.57486171626468,"GCA_900000015.1 Plasmopara halstedii, Plasmopara halstedii genome",/home/gotting/projects/fungal_associations_metagenomics/db/sourmash/genbank-2022.03-protozoa-k31.zip,f164dba1c36b9c890d144fa08a0bc87f,0.00020707561445706366,10000,11,68000,reverse/11475.2.TCAG.2009_10_14_07_47_07.F31SS7V02.fastq.gz.abundtrim,11475.1.TCAG.2009_10_14_07_47_07.F31SS7V01,0d35be03,131064000
20000,0.00015259720441921504,0.00012013888054591107,7.629860220960752e-05,3.4298649776487135e-05,1.2,1.0,0.4,"GCA_015143705.1 Dinobryon sp. LO226KS strain=LO226KS, ASM1514370v1",/home/gotting/projects/fungal_associations_metagenomics/db/sourmash/genbank-2022.03-protozoa-k31.zip,c13b7f1198cf0699372db4b77cfdef19,0.00024027776109182214,10000,12,58000,reverse/11475.2.TCAG.2009_10_14_07_47_07.F31SS7V02.fastq.gz.abundtrim,11475.1.TCAG.2009_10_14_07_47_07.F31SS7V01,0d35be03,131064000
