intersect_bp,f_orig_query,f_match,f_unique_to_query,f_unique_weighted,average_abund,median_abund,std_abund,name,filename,md5,f_match_orig,unique_intersect_bp,gather_result_rank,remaining_bp,query_filename,query_name,query_md5,query_bp
1153000,0.0071222959366467765,0.018756507027589797,0.0071222959366467765,0.00820098511378089,2.857762359063313,1.0,5.8804712323111055,"GCA_000252605.1 Pseudoperonospora cubensis, ASM25260v1",/home/gotting/projects/fungal_associations_metagenomics/db/sourmash/genbank-2022.03-protozoa-k31.zip,dfc0f3aeb81135e5b79bb7dde23e4ff0,0.018756507027589797,1153000,0,1648000,reverse/11478.2.TCAG.2009_10_16_21_47_09.F36MELC02.fastq.gz.abundtrim,11478.1.TCAG.2009_10_16_21_47_09.F36MELC01,4118609a,161886000
970000,0.005991870822677687,0.017286849710982658,0.005911567399280976,0.015752362605499014,6.61337513061651,2.0,14.447648035218714,"GCA_900092245.1 Acytostelium leptosomum, ASM90009224v1",/home/gotting/projects/fungal_associations_metagenomics/db/sourmash/genbank-2022.03-protozoa-k31.zip,3e2ce51a8fb67a45fbb75ad2dcb7cff9,0.017521676300578035,957000,1,691000,reverse/11478.2.TCAG.2009_10_16_21_47_09.F36MELC02.fastq.gz.abundtrim,11478.1.TCAG.2009_10_16_21_47_09.F36MELC01,4118609a,161886000
213000,0.0013157407064230385,0.0006652055215903411,0.001068653249817773,0.001249436882281641,2.901734104046243,1.0,4.50261932744842,"GCA_003640625.1 Plasmopara obducens strain=PA1-1, ASM364062v1",/home/gotting/projects/fungal_associations_metagenomics/db/sourmash/genbank-2022.03-protozoa-k31.zip,9c3e6b6322f38622fb32c9b943118532,0.0008190102664667205,173000,2,518000,reverse/11478.2.TCAG.2009_10_16_21_47_09.F36MELC02.fastq.gz.abundtrim,11478.1.TCAG.2009_10_16_21_47_09.F36MELC01,4118609a,161886000
272000,0.0016801947049158049,0.0016422764227642277,0.0006238958279282952,0.0011523690766860554,4.584158415841584,1.0,24.81905501058549,"GCA_900092235.1 Rostrostelium ellipticum, ASM90009223v1",/home/gotting/projects/fungal_associations_metagenomics/db/sourmash/genbank-2022.03-protozoa-k31.zip,82c7d894bf0e1c8a80ca640f4c3fcdec,0.004422764227642277,101000,3,417000,reverse/11478.2.TCAG.2009_10_16_21_47_09.F36MELC02.fastq.gz.abundtrim,11478.1.TCAG.2009_10_16_21_47_09.F36MELC01,4118609a,161886000
140000,0.000864806098118429,0.0010494228174504022,0.0005188836588710574,0.0003808044681057591,1.8214285714285714,1.5,1.19682829143686,"GCA_015144965.1 Chromulinospumella sphaerica strain=JBC27, ASM1514496v1",/home/gotting/projects/fungal_associations_metagenomics/db/sourmash/genbank-2022.03-protozoa-k31.zip,792e49b1775670b0fb3f8a44fcc7d7a1,0.0017490380290840037,84000,4,333000,reverse/11478.2.TCAG.2009_10_16_21_47_09.F36MELC02.fastq.gz.abundtrim,11478.1.TCAG.2009_10_16_21_47_09.F36MELC01,4118609a,161886000
100000,0.0006177186415131636,0.0036106161493013223,0.00047564335396513594,0.002337094088570639,12.194805194805195,3.0,23.856736346740618,"GCA_917563895.1 Entamoeba histolytica HM-1:IMSS strain=Rahman, Assembly 1",/home/gotting/projects/fungal_associations_metagenomics/db/sourmash/genbank-2022.03-protozoa-k31.zip,505c743e0d67a7bc0ca1aafdd563b0cc,0.00468911188220951,77000,5,256000,reverse/11478.2.TCAG.2009_10_16_21_47_09.F36MELC02.fastq.gz.abundtrim,11478.1.TCAG.2009_10_16_21_47_09.F36MELC01,4118609a,161886000
73000,0.00045093460830460943,0.00016238292344411117,0.0003273908800019767,0.0002538696454038394,1.9245283018867925,1.0,1.9215663481470209,"GCA_003640505.1 Plasmopara halstedii, ASM364050v1",/home/gotting/projects/fungal_associations_metagenomics/db/sourmash/genbank-2022.03-protozoa-k31.zip,5905a6d59272b14945d51be7ae4ba091,0.00022365949832868143,53000,6,203000,reverse/11478.2.TCAG.2009_10_16_21_47_09.F36MELC02.fastq.gz.abundtrim,11478.1.TCAG.2009_10_16_21_47_09.F36MELC01,4118609a,161886000
51000,0.0003150365071717134,0.0006349860131459267,0.00022855589735987052,0.000691919229630072,7.513513513513513,1.0,15.417823349760235,"GCA_000318465.2 Phytophthora lateralis MPF4 strain=MPF4, MPF4_v2.0",/home/gotting/projects/fungal_associations_metagenomics/db/sourmash/genbank-2022.03-protozoa-k31.zip,6326779a8412ca0bbcba967fdc89d7c2,0.0008752509910930341,37000,7,166000,reverse/11478.2.TCAG.2009_10_16_21_47_09.F36MELC02.fastq.gz.abundtrim,11478.1.TCAG.2009_10_16_21_47_09.F36MELC01,4118609a,161886000
168000,0.0010377673177421147,0.00036180045060601573,0.000135898101132896,0.00017173534836142077,3.1363636363636362,1.0,4.52563862440183,"GCA_900092255.1 Synstelium polycarpum, ASM90009225v1",/home/gotting/projects/fungal_associations_metagenomics/db/sourmash/genbank-2022.03-protozoa-k31.zip,d39153ac5e62f81d040265daae186043,0.002762839804627757,22000,8,144000,reverse/11478.2.TCAG.2009_10_16_21_47_09.F36MELC02.fastq.gz.abundtrim,11478.1.TCAG.2009_10_16_21_47_09.F36MELC01,4118609a,161886000
29000,0.00017913840603881744,0.0004297009281540048,0.0001235437283026327,7.466754276583512e-05,1.5,1.0,1.161895003862225,"GCA_003057635.1 Cyclospora cayetanensis strain=CDC:HCTX205:15, ASM305763v1",/home/gotting/projects/fungal_associations_metagenomics/db/sourmash/genbank-2022.03-protozoa-k31.zip,14f0ea8673e6efcaa95617ea984dbb3d,0.000623066345823307,20000,9,124000,reverse/11478.2.TCAG.2009_10_16_21_47_09.F36MELC02.fastq.gz.abundtrim,11478.1.TCAG.2009_10_16_21_47_09.F36MELC01,4118609a,161886000
46000,0.00028415057509605525,0.00017265789564556788,9.265779622697453e-05,0.00012195698651753069,3.2666666666666666,1.0,4.464178411408855,"GCA_015148565.1 Spumella vulgaris strain=199hm, ASM1514856v1",/home/gotting/projects/fungal_associations_metagenomics/db/sourmash/genbank-2022.03-protozoa-k31.zip,94cabb7630b655f343d0190d8276d5cf,0.0005294842133130748,15000,10,109000,reverse/11478.2.TCAG.2009_10_16_21_47_09.F36MELC02.fastq.gz.abundtrim,11478.1.TCAG.2009_10_16_21_47_09.F36MELC01,4118609a,161886000
26000,0.00016060684679342253,0.00012945941447356255,8.648060981184291e-05,0.00018666885691458779,5.357142857142857,2.0,6.799234650807008,"GCA_015146095.1 Dinobryon divergens strain=FU18 K-A, ASM1514609v1",/home/gotting/projects/fungal_associations_metagenomics/db/sourmash/genbank-2022.03-protozoa-k31.zip,421186d2f8c066f8633c2177bf397a79,0.00024042462687947329,14000,11,95000,reverse/11478.2.TCAG.2009_10_16_21_47_09.F36MELC02.fastq.gz.abundtrim,11478.1.TCAG.2009_10_16_21_47_09.F36MELC01,4118609a,161886000
34000,0.0002100243381144756,0.00018848068858278228,7.412623698157963e-05,6.47118703970571e-05,2.1666666666666665,1.5,2.4094720491334933,"GCA_015146115.1 Spumella sp. AR4D6 strain=AR4D6, ASM1514611v1",/home/gotting/projects/fungal_associations_metagenomics/db/sourmash/genbank-2022.03-protozoa-k31.zip,baa215f16bb4db7a11db14f37353e5eb,0.0005340286176512165,12000,12,83000,reverse/11478.2.TCAG.2009_10_16_21_47_09.F36MELC02.fastq.gz.abundtrim,11478.1.TCAG.2009_10_16_21_47_09.F36MELC01,4118609a,161886000
11000,6.7949050566448e-05,0.00024940143655227453,6.177186415131636e-05,4.977836184389008e-05,2.0,1.0,1.4142135623730951,"GCA_015252675.1 Dictyostelium gargantuum strain=MYA-3825, ASM1525267v1",/home/gotting/projects/fungal_associations_metagenomics/db/sourmash/genbank-2022.03-protozoa-k31.zip,3d03ae1ac15785882db120c7709d3a96,0.000274341580207502,10000,13,73000,reverse/11478.2.TCAG.2009_10_16_21_47_09.F36MELC02.fastq.gz.abundtrim,11478.1.TCAG.2009_10_16_21_47_09.F36MELC01,4118609a,161886000
