intersect_bp,f_orig_query,f_match,f_unique_to_query,f_unique_weighted,average_abund,median_abund,std_abund,name,filename,md5,f_match_orig,unique_intersect_bp,gather_result_rank,remaining_bp,query_filename,query_name,query_md5,query_bp
301000,0.00214366088851539,0.004896538261322228,0.00214366088851539,0.004321776370282692,5.495016611295681,2.0,7.663877934813684,"GCA_000252605.1 Pseudoperonospora cubensis, ASM25260v1",/home/gotting/projects/fungal_associations_metagenomics/db/sourmash/genbank-2022.03-protozoa-k31.zip,dfc0f3aeb81135e5b79bb7dde23e4ff0,0.004896538261322228,301000,0,1395000,reverse/11489.2.TCAG.2009_10_21_06_46_59.F4EQGSL02.fastq.gz.abundtrim,11489.1.TCAG.2009_10_21_06_46_59.F4EQGSL01,b40d8125,140414000
275000,0.00195849416724828,0.0010228015534279233,0.0018943979945019727,0.0031172183855787496,4.484962406015038,2.0,5.916219533622401,"GCA_003640625.1 Plasmopara obducens strain=PA1-1, ASM364062v1",/home/gotting/projects/fungal_associations_metagenomics/db/sourmash/genbank-2022.03-protozoa-k31.zip,9c3e6b6322f38622fb32c9b943118532,0.0010574076210251085,266000,1,1129000,reverse/11489.2.TCAG.2009_10_21_06_46_59.F4EQGSL02.fastq.gz.abundtrim,11489.1.TCAG.2009_10_21_06_46_59.F4EQGSL01,b40d8125,140414000
265000,0.0018872761975301609,0.00426300578034682,0.001680744085347615,0.004755521761737908,7.711864406779661,2.5,19.05171449863625,"GCA_900092245.1 Acytostelium leptosomum, ASM90009224v1",/home/gotting/projects/fungal_associations_metagenomics/db/sourmash/genbank-2022.03-protozoa-k31.zip,3e2ce51a8fb67a45fbb75ad2dcb7cff9,0.004786849710982659,236000,2,893000,reverse/11489.2.TCAG.2009_10_21_06_46_59.F4EQGSL02.fastq.gz.abundtrim,11489.1.TCAG.2009_10_21_06_46_59.F4EQGSL01,b40d8125,140414000
222000,0.001581038927742248,0.0011691999331885753,0.0015454299428831883,0.0008256839981918566,1.456221198156682,1.0,1.2025972303879688,"GCA_003640485.1 Plasmopara obducens strain=H12-14-11, ASM364048v1",/home/gotting/projects/fungal_associations_metagenomics/db/sourmash/genbank-2022.03-protozoa-k31.zip,51d003d9989562ae241ddbed6f67cca3,0.00119614002381504,217000,3,676000,reverse/11489.2.TCAG.2009_10_21_06_46_59.F4EQGSL02.fastq.gz.abundtrim,11489.1.TCAG.2009_10_21_06_46_59.F4EQGSL01,b40d8125,140414000
106000,0.0007549104790120643,0.002470836996032406,0.0007406668850684405,0.00030309918920966885,1.1153846153846154,1.0,0.348284043774516,"GCA_000333115.2 Phytophthora kernoviae 00844/4 strain=00844/4, PhyKer844/4v2",/home/gotting/projects/fungal_associations_metagenomics/db/sourmash/genbank-2022.03-protozoa-k31.zip,42a096a28530a7fc688576419b23f81b,0.002518353092109952,104000,4,572000,reverse/11489.2.TCAG.2009_10_21_06_46_59.F4EQGSL02.fastq.gz.abundtrim,11489.1.TCAG.2009_10_21_06_46_59.F4EQGSL01,b40d8125,140414000
150000,0.001068269545771789,0.0012118334915796312,0.000690814306265757,0.0008674907829104315,3.422680412371134,3.0,3.251756231421014,"GCA_015144965.1 Chromulinospumella sphaerica strain=JBC27, ASM1514496v1",/home/gotting/projects/fungal_associations_metagenomics/db/sourmash/genbank-2022.03-protozoa-k31.zip,792e49b1775670b0fb3f8a44fcc7d7a1,0.0018739693168757184,97000,5,475000,reverse/11489.2.TCAG.2009_10_21_06_46_59.F4EQGSL02.fastq.gz.abundtrim,11489.1.TCAG.2009_10_21_06_46_59.F4EQGSL01,b40d8125,140414000
118000,0.0008403720426738075,0.0002205956695844529,0.0005127693819704588,0.00031616380943422353,1.6805555555555556,1.0,1.5530113121939806,"GCA_003640505.1 Plasmopara halstedii, ASM364050v1",/home/gotting/projects/fungal_associations_metagenomics/db/sourmash/genbank-2022.03-protozoa-k31.zip,5905a6d59272b14945d51be7ae4ba091,0.0003615317918189645,72000,6,403000,reverse/11489.2.TCAG.2009_10_21_06_46_59.F4EQGSL02.fastq.gz.abundtrim,11489.1.TCAG.2009_10_21_06_46_59.F4EQGSL01,b40d8125,140414000
64000,0.0004557950061959634,0.0008708185694552879,0.0004130642243650918,0.0006271017707786252,4.137931034482759,2.0,10.271232467870488,"GCA_000258005.2 Hammondia hammondi strain=H.H.34, HHA1 v02",/home/gotting/projects/fungal_associations_metagenomics/db/sourmash/genbank-2022.03-protozoa-k31.zip,c8bda741a45f3b4ab80122c5ada99cfe,0.0009609032490541108,58000,7,345000,reverse/11489.2.TCAG.2009_10_21_06_46_59.F4EQGSL02.fastq.gz.abundtrim,11489.1.TCAG.2009_10_21_06_46_59.F4EQGSL01,b40d8125,140414000
73000,0.0005198911789422707,0.00248522929757104,0.00037745523950603215,0.002471826146485748,17.849056603773583,4.0,42.34690348725701,"GCA_917563895.1 Entamoeba histolytica HM-1:IMSS strain=Rahman, Assembly 1",/home/gotting/projects/fungal_associations_metagenomics/db/sourmash/genbank-2022.03-protozoa-k31.zip,505c743e0d67a7bc0ca1aafdd563b0cc,0.003423051674012942,53000,8,292000,reverse/11489.2.TCAG.2009_10_21_06_46_59.F4EQGSL02.fastq.gz.abundtrim,11489.1.TCAG.2009_10_21_06_46_59.F4EQGSL01,b40d8125,140414000
63000,0.0004486732092241514,0.0008237656386757968,0.00034184625464697254,0.0009563302004374035,7.625,2.5,9.54512310030625,"GCA_000318465.2 Phytophthora lateralis MPF4 strain=MPF4, MPF4_v2.0",/home/gotting/projects/fungal_associations_metagenomics/db/sourmash/genbank-2022.03-protozoa-k31.zip,6326779a8412ca0bbcba967fdc89d7c2,0.0010811924007619832,48000,9,244000,reverse/11489.2.TCAG.2009_10_21_06_46_59.F4EQGSL02.fastq.gz.abundtrim,11489.1.TCAG.2009_10_21_06_46_59.F4EQGSL01,b40d8125,140414000
152000,0.001082513139715413,0.000575591625964116,0.0002492628940134175,0.00047816510021870173,5.228571428571429,4.0,5.9861063628835645,"GCA_900092255.1 Synstelium polycarpum, ASM90009225v1",/home/gotting/projects/fungal_associations_metagenomics/db/sourmash/genbank-2022.03-protozoa-k31.zip,d39153ac5e62f81d040265daae186043,0.002499712204187018,35000,10,209000,reverse/11489.2.TCAG.2009_10_21_06_46_59.F4EQGSL02.fastq.gz.abundtrim,11489.1.TCAG.2009_10_21_06_46_59.F4EQGSL01,b40d8125,140414000
33000,0.0002350193000697936,0.000537126160192506,0.00017804492429529818,0.0001149686579760813,1.76,1.0,1.3646977687385584,"GCA_003057635.1 Cyclospora cayetanensis strain=CDC:HCTX205:15, ASM305763v1",/home/gotting/projects/fungal_associations_metagenomics/db/sourmash/genbank-2022.03-protozoa-k31.zip,14f0ea8673e6efcaa95617ea984dbb3d,0.0007090065314541079,25000,11,184000,reverse/11489.2.TCAG.2009_10_21_06_46_59.F4EQGSL02.fastq.gz.abundtrim,11489.1.TCAG.2009_10_21_06_46_59.F4EQGSL01,b40d8125,140414000
45000,0.00032048086373153675,0.00031920229825654743,0.00014955773640805048,5.748432898804065e-05,1.0476190476190477,1.0,0.21295885499998,"GCA_002734125.1 Phytophthora cinnamomi strain=WA94.26, WA94_v1",/home/gotting/projects/fungal_associations_metagenomics/db/sourmash/genbank-2022.03-protozoa-k31.zip,766acfa7bcfb33acfe233b1efa080097,0.0006840049248354589,21000,12,163000,reverse/11489.2.TCAG.2009_10_21_06_46_59.F4EQGSL02.fastq.gz.abundtrim,11489.1.TCAG.2009_10_21_06_46_59.F4EQGSL01,b40d8125,140414000
156000,0.0011110003276026607,0.0003414634146341463,0.00014955773640805048,0.00017506591100903288,3.1904761904761907,1.0,5.251929782461805,"GCA_900092235.1 Rostrostelium ellipticum, ASM90009223v1",/home/gotting/projects/fungal_associations_metagenomics/db/sourmash/genbank-2022.03-protozoa-k31.zip,82c7d894bf0e1c8a80ca640f4c3fcdec,0.0025365853658536586,21000,13,142000,reverse/11489.2.TCAG.2009_10_21_06_46_59.F4EQGSL02.fastq.gz.abundtrim,11489.1.TCAG.2009_10_21_06_46_59.F4EQGSL01,b40d8125,140414000
51000,0.00036321164556240833,0.00020718947477468144,0.0001281923454926147,0.0002299373159521626,4.888888888888889,1.5,5.1303983913845315,"GCA_015148565.1 Spumella vulgaris strain=199hm, ASM1514856v1",/home/gotting/projects/fungal_associations_metagenomics/db/sourmash/genbank-2022.03-protozoa-k31.zip,94cabb7630b655f343d0190d8276d5cf,0.0005870368451949307,18000,14,124000,reverse/11489.2.TCAG.2009_10_21_06_46_59.F4EQGSL02.fastq.gz.abundtrim,11489.1.TCAG.2009_10_21_06_46_59.F4EQGSL01,b40d8125,140414000
36000,0.0002563846909852294,0.00021989413667991266,9.970515760536698e-05,0.0001358720503353688,3.7142857142857144,2.5,3.3896601479156203,"GCA_015146115.1 Spumella sp. AR4D6 strain=AR4D6, ASM1514611v1",/home/gotting/projects/fungal_associations_metagenomics/db/sourmash/genbank-2022.03-protozoa-k31.zip,baa215f16bb4db7a11db14f37353e5eb,0.0005654420657483469,14000,15,110000,reverse/11489.2.TCAG.2009_10_21_06_46_59.F4EQGSL02.fastq.gz.abundtrim,11489.1.TCAG.2009_10_21_06_46_59.F4EQGSL01,b40d8125,140414000
22000,0.0001566795333798624,0.0001561805447096844,9.258336063355506e-05,0.00013848497438027975,4.076923076923077,4.0,3.099914104555367,"GCA_015143705.1 Dinobryon sp. LO226KS strain=LO226KS, ASM1514370v1",/home/gotting/projects/fungal_associations_metagenomics/db/sourmash/genbank-2022.03-protozoa-k31.zip,c13b7f1198cf0699372db4b77cfdef19,0.0002643055372010044,13000,16,97000,reverse/11489.2.TCAG.2009_10_21_06_46_59.F4EQGSL02.fastq.gz.abundtrim,11489.1.TCAG.2009_10_21_06_46_59.F4EQGSL01,b40d8125,140414000
14000,9.970515760536698e-05,0.0001752178276175154,7.83397666899312e-05,0.0006871990238115768,23.90909090909091,16.0,25.624755592464755,"GCA_900000015.1 Plasmopara halstedii, Plasmopara halstedii genome",/home/gotting/projects/fungal_associations_metagenomics/db/sourmash/genbank-2022.03-protozoa-k31.zip,f164dba1c36b9c890d144fa08a0bc87f,0.0002230045078768378,11000,17,86000,reverse/11489.2.TCAG.2009_10_21_06_46_59.F4EQGSL02.fastq.gz.abundtrim,11489.1.TCAG.2009_10_21_06_46_59.F4EQGSL01,b40d8125,140414000
15000,0.00010682695457717891,6.368372116719524e-05,7.121796971811927e-05,4.964555685330783e-05,1.9,1.0,1.445683229480096,"GCA_000413255.3 Physarum polycephalum strain=LU352, Physarum_polycephalum-10.0",/home/gotting/projects/fungal_associations_metagenomics/db/sourmash/genbank-2022.03-protozoa-k31.zip,200cb1bbde8cc7f8e754aeb27195d81f,9.552558175079286e-05,10000,18,76000,reverse/11489.2.TCAG.2009_10_21_06_46_59.F4EQGSL02.fastq.gz.abundtrim,11489.1.TCAG.2009_10_21_06_46_59.F4EQGSL01,b40d8125,140414000
