intersect_bp,f_orig_query,f_match,f_unique_to_query,f_unique_weighted,average_abund,median_abund,std_abund,name,filename,md5,f_match_orig,unique_intersect_bp,gather_result_rank,remaining_bp,query_filename,query_name,query_md5,query_bp
4295000,0.03277024964902643,0.07557628013373219,0.03277024964902643,0.18561571792790424,15.120139697322468,15.0,8.750240414673993,"GCA_011421375.1 Fusarium oxysporum strain=EtdFoc-189, ASM1142137v1",/home/gotting/projects/fungal_associations_metagenomics/db/sourmash/genbank-2022.03-fungi-k31.zip,0559f50fbf6dd49b2e6c34275b92f269,0.07557628013373219,4295000,0,3813000,reverse/11475.2.TCAG.2009_10_14_07_47_07.F31SS7V02.fastq.gz.abundtrim,11475.1.TCAG.2009_10_14_07_47_07.F31SS7V01,0d35be03,131064000
1337000,0.010201123115424525,0.023285930118228253,0.00740859427455289,0.012801971029073822,4.612770339855818,1.0,7.347235946485755,"GCA_016618355.2 Astraeus odoratus, ASM1661835v2",/home/gotting/projects/fungal_associations_metagenomics/db/sourmash/genbank-2022.03-fungi-k31.zip,82d8f6e6f738e030dababdede9409399,0.032063119019640755,971000,1,2842000,reverse/11475.2.TCAG.2009_10_14_07_47_07.F31SS7V02.fastq.gz.abundtrim,11475.1.TCAG.2009_10_14_07_47_07.F31SS7V01,0d35be03,131064000
521000,0.003975157175120552,0.006481353547787422,0.003937007874015748,0.0025552494083482913,1.7325581395348837,1.0,2.592136671876998,"GCA_001013415.1 Puccinia arachidis strain=MRf11, ASM101341v1",/home/gotting/projects/fungal_associations_metagenomics/db/sourmash/genbank-2022.03-fungi-k31.zip,4af773e2a6b63626906a6dc3b629f1de,0.006544157361234974,516000,2,2326000,reverse/11475.2.TCAG.2009_10_14_07_47_07.F31SS7V02.fastq.gz.abundtrim,11475.1.TCAG.2009_10_14_07_47_07.F31SS7V01,0d35be03,131064000
354000,0.002700970518220106,0.005793664238522785,0.002609412195568577,0.0013262144580241692,1.3567251461988303,1.0,1.6529961563404922,"GCA_008131165.1 Colletotrichum truncatum, ASM813116v1",/home/gotting/projects/fungal_associations_metagenomics/db/sourmash/genbank-2022.03-fungi-k31.zip,8114da992ab7d63207c3698d46dca18b,0.005996950703032356,342000,3,1984000,reverse/11475.2.TCAG.2009_10_14_07_47_07.F31SS7V02.fastq.gz.abundtrim,11475.1.TCAG.2009_10_14_07_47_07.F31SS7V01,0d35be03,131064000
230000,0.001754867850820973,0.007643735460285809,0.001754867850820973,0.0007860107240444967,1.1956521739130435,1.0,0.9141297885537706,"GCA_900010185.1 Microbotryum lychnidis-dioicae, MvSl-Chernobyl-1105-1-G1-20141016",/home/gotting/projects/fungal_associations_metagenomics/db/sourmash/genbank-2022.03-fungi-k31.zip,c2a131a4ac97e4b861d0d9a4028a847c,0.007643735460285809,230000,4,1754000,reverse/11475.2.TCAG.2009_10_14_07_47_07.F31SS7V02.fastq.gz.abundtrim,11475.1.TCAG.2009_10_14_07_47_07.F31SS7V01,0d35be03,131064000
184000,0.0014038942806567783,0.001417915048394057,0.0014038942806567783,0.0005859352670149886,1.1141304347826086,1.0,0.33462552780135096,"GCA_010015925.1 Podosphaera xanthii, POXAN_niab_assembly",/home/gotting/projects/fungal_associations_metagenomics/db/sourmash/genbank-2022.03-fungi-k31.zip,a5f1c1678d3bce27d6179dd853813289,0.001417915048394057,184000,5,1570000,reverse/11475.2.TCAG.2009_10_14_07_47_07.F31SS7V02.fastq.gz.abundtrim,11475.1.TCAG.2009_10_14_07_47_07.F31SS7V01,0d35be03,131064000
176000,0.0013428553988890923,0.002238660696904808,0.001228407495574681,0.0015234316942389701,3.31055900621118,1.0,5.826941096720896,"GCA_020740365.1 Calonectria ilicicola strain=GDGZ125, ASM2074036v1",/home/gotting/projects/fungal_associations_metagenomics/db/sourmash/genbank-2022.03-fungi-k31.zip,69a3fa10f8626e173cee829a21fc49ae,0.002447231569287244,161000,6,1409000,reverse/11475.2.TCAG.2009_10_14_07_47_07.F31SS7V02.fastq.gz.abundtrim,11475.1.TCAG.2009_10_14_07_47_07.F31SS7V01,0d35be03,131064000
226000,0.00172434840993713,0.0021289746583339057,0.0009461026673991332,0.00040872557650313833,1.153225806451613,1.0,0.4024993455957349,"GCA_020740345.1 Calonectria ilicicola strain=SCMS200, ASM2074034v1",/home/gotting/projects/fungal_associations_metagenomics/db/sourmash/genbank-2022.03-fungi-k31.zip,bb95073fd467bc82a2ed374734b19b66,0.0038802280063182475,124000,7,1285000,reverse/11475.2.TCAG.2009_10_14_07_47_07.F31SS7V02.fastq.gz.abundtrim,11475.1.TCAG.2009_10_14_07_47_07.F31SS7V01,0d35be03,131064000
514000,0.0039217481535738265,0.0032683240462923276,0.0009308429469572117,0.002560965849977706,7.344262295081967,4.0,7.133125785529433,"GCA_016109465.1 Phialophora verrucosa strain=BMU 05960, ASM1610946v1",/home/gotting/projects/fungal_associations_metagenomics/db/sourmash/genbank-2022.03-fungi-k31.zip,fbdb7e135ceb47160bf81930fb24f040,0.013769824260608658,122000,8,1163000,reverse/11475.2.TCAG.2009_10_14_07_47_07.F31SS7V02.fastq.gz.abundtrim,11475.1.TCAG.2009_10_14_07_47_07.F31SS7V01,0d35be03,131064000
111000,0.0008469144845266435,0.0023185265438786565,0.0008163950436428005,0.0005259126299061361,1.719626168224299,1.0,1.0659942708492613,"GCA_006523515.1 Corynespora cassiicola, ASM652351v1",/home/gotting/projects/fungal_associations_metagenomics/db/sourmash/genbank-2022.03-fungi-k31.zip,7167e5138f1982745aae09de44bda150,0.0024052004333694477,107000,9,1056000,reverse/11475.2.TCAG.2009_10_14_07_47_07.F31SS7V02.fastq.gz.abundtrim,11475.1.TCAG.2009_10_14_07_47_07.F31SS7V01,0d35be03,131064000
113000,0.000862174204968565,0.0006644027757271519,0.0006866874198864677,0.0008088764905621548,3.1444444444444444,1.0,5.508702430621551,"GCA_900069095.1 Tubaria furfuracea, Tubaria_l100.fa",/home/gotting/projects/fungal_associations_metagenomics/db/sourmash/genbank-2022.03-fungi-k31.zip,c2eea0b8c5ca39e963d68e4a5ac2ebaf,0.0008341945961907574,90000,10,966000,reverse/11475.2.TCAG.2009_10_14_07_47_07.F31SS7V02.fastq.gz.abundtrim,11475.1.TCAG.2009_10_14_07_47_07.F31SS7V01,0d35be03,131064000
128000,0.0009766221082829762,0.002166574293344082,0.0006561679790026247,0.0017492311386008437,7.116279069767442,3.0,11.050011685410178,"GCA_019054655.1 Fusarium oxysporum strain=S17/14, ASM1905465v1",/home/gotting/projects/fungal_associations_metagenomics/db/sourmash/genbank-2022.03-fungi-k31.zip,5525ee5b4782b002c13c7997d7c9e9c8,0.003224668715674913,86000,11,880000,reverse/11475.2.TCAG.2009_10_14_07_47_07.F31SS7V02.fastq.gz.abundtrim,11475.1.TCAG.2009_10_14_07_47_07.F31SS7V01,0d35be03,131064000
268000,0.0020448025392174815,0.002072651903567143,0.0005798693767930171,0.0002572398733236535,1.1842105263157894,1.0,0.7382505336371336,"GCA_016630955.1 Didymella arachidicola strain=YY187, ASM1663095v1",/home/gotting/projects/fungal_associations_metagenomics/db/sourmash/genbank-2022.03-fungi-k31.zip,2f402034e894198ea35d41d97f137168,0.007308825133631504,76000,12,804000,reverse/11475.2.TCAG.2009_10_14_07_47_07.F31SS7V02.fastq.gz.abundtrim,11475.1.TCAG.2009_10_14_07_47_07.F31SS7V01,0d35be03,131064000
95000,0.0007248367209912714,0.0013905556507990934,0.0005569797961301349,0.0003887180308001875,1.8630136986301369,1.0,1.8004190417343804,"GCA_011424605.1 Fusarium oxysporum strain=EtdFoc-89, ASM1142460v1",/home/gotting/projects/fungal_associations_metagenomics/db/sourmash/genbank-2022.03-fungi-k31.zip,554f4c7010799d24e44b65b1c1e6c547,0.0018096272167933405,73000,13,731000,reverse/11475.2.TCAG.2009_10_14_07_47_07.F31SS7V02.fastq.gz.abundtrim,11475.1.TCAG.2009_10_14_07_47_07.F31SS7V01,0d35be03,131064000
88000,0.0006714276994445462,0.0022219870913130885,0.00048068119392052737,0.0024009054843540994,13.333333333333334,2.0,50.57259437271637,"GCA_900010545.1 Microbotryum lychnidis-dioicae, MvSl-576-A2-G1-20131224",/home/gotting/projects/fungal_associations_metagenomics/db/sourmash/genbank-2022.03-fungi-k31.zip,5f7719366ba75844e8cd95cbfddcdb02,0.0031037280005643143,63000,14,668000,reverse/11475.2.TCAG.2009_10_14_07_47_07.F31SS7V02.fastq.gz.abundtrim,11475.1.TCAG.2009_10_14_07_47_07.F31SS7V01,0d35be03,131064000
56000,0.0004272721723738021,0.0005180196847480204,0.0004272721723738021,0.0001686350280677284,1.0535714285714286,1.0,0.22517000380211594,"GCA_022457215.1 Leucoagaricus gongylophorus strain=LEU18496, HybridAssembly_LEU18496",/home/gotting/projects/fungal_associations_metagenomics/db/sourmash/genbank-2022.03-fungi-k31.zip,49e72065873690f56cbf53e83438fb8f,0.0005180196847480204,56000,15,612000,reverse/11475.2.TCAG.2009_10_14_07_47_07.F31SS7V02.fastq.gz.abundtrim,11475.1.TCAG.2009_10_14_07_47_07.F31SS7V01,0d35be03,131064000
169000,0.001289446377342367,0.0010102832401226772,0.0004272721723738021,0.00040015091405901657,2.5,1.0,4.187566630599958,"GCA_009298925.1 Fusarium oxysporum strain=VPRI42339, ASM929892v1",/home/gotting/projects/fungal_associations_metagenomics/db/sourmash/genbank-2022.03-fungi-k31.zip,70d35a3c1bde8839889a2e1cfc584f5a,0.0030488904925130796,56000,16,556000,reverse/11475.2.TCAG.2009_10_14_07_47_07.F31SS7V02.fastq.gz.abundtrim,11475.1.TCAG.2009_10_14_07_47_07.F31SS7V01,0d35be03,131064000
76000,0.0005798693767930171,0.0002769521416808028,0.0004272721723738021,0.000645957904123841,4.035714285714286,2.0,5.697631982155537,"GCA_002994575.1 Uromyces transversalis strain=FL11_1, FL11_1",/home/gotting/projects/fungal_associations_metagenomics/db/sourmash/genbank-2022.03-fungi-k31.zip,0e24fee54ab84513d41bd984b3764ceb,0.00037586362085251804,56000,17,500000,reverse/11475.2.TCAG.2009_10_14_07_47_07.F31SS7V02.fastq.gz.abundtrim,11475.1.TCAG.2009_10_14_07_47_07.F31SS7V01,0d35be03,131064000
117000,0.000892693645852408,0.0006044122091266244,0.0004120124519318806,0.0006516743457532555,4.222222222222222,1.0,7.447760455497287,"GCA_019425655.1 Rhizophagus prolifer strain=CMCC/AM-1901, ASM1942565v1",/home/gotting/projects/fungal_associations_metagenomics/db/sourmash/genbank-2022.03-fungi-k31.zip,16ab0d244111f43d7512a77ba47188bf,0.0013095597864410194,54000,18,446000,reverse/11475.2.TCAG.2009_10_14_07_47_07.F31SS7V02.fastq.gz.abundtrim,11475.1.TCAG.2009_10_14_07_47_07.F31SS7V01,0d35be03,131064000
48000,0.0003662332906061161,0.0009722567662287742,0.00032808398950131233,0.00022294122354716637,1.813953488372093,1.0,2.335328411280594,"GCA_011057605.1 Pseudocercospora fijiensis strain=IIL-20, IIL_Mf_1.0",/home/gotting/projects/fungal_associations_metagenomics/db/sourmash/genbank-2022.03-fungi-k31.zip,950290875494593390c50397cc6cacb5,0.0010853098785809573,43000,19,403000,reverse/11475.2.TCAG.2009_10_14_07_47_07.F31SS7V02.fastq.gz.abundtrim,11475.1.TCAG.2009_10_14_07_47_07.F31SS7V01,0d35be03,131064000
70000,0.0005340902154672526,0.001125229848780086,0.00031282426905939083,0.0009117724398916162,7.780487804878049,3.0,8.158527470919843,"GCA_000770705.1 Beauveria bassiana D1-5 strain=D1-5, BBA1.0",/home/gotting/projects/fungal_associations_metagenomics/db/sourmash/genbank-2022.03-fungi-k31.zip,90c9a80df3c4cb3e5983ebd6cc1674d0,0.0019211241320635617,41000,20,362000,reverse/11475.2.TCAG.2009_10_14_07_47_07.F31SS7V02.fastq.gz.abundtrim,11475.1.TCAG.2009_10_14_07_47_07.F31SS7V01,0d35be03,131064000
120000,0.0009155832265152902,0.0006745590070491416,0.0003051944088384301,0.0001257617158471195,1.1,1.0,0.37416573867739417,"GCA_014602815.1 Fusarium oxysporum f. sp. niveum strain=R1, ASM1460281v1",/home/gotting/projects/fungal_associations_metagenomics/db/sourmash/genbank-2022.03-fungi-k31.zip,af2f051653169c3e9f916f5acaae3665,0.0020236770211474247,40000,21,322000,reverse/11475.2.TCAG.2009_10_14_07_47_07.F31SS7V02.fastq.gz.abundtrim,11475.1.TCAG.2009_10_14_07_47_07.F31SS7V01,0d35be03,131064000
31000,0.0002365256668497833,0.0005135259055479138,0.00021363608618690105,9.146306607063235e-05,1.1428571428571428,1.0,0.5150787536377127,"GCA_003957845.1 Oidium heveae strain=HO-73, ASM395784v1",/home/gotting/projects/fungal_associations_metagenomics/db/sourmash/genbank-2022.03-fungi-k31.zip,811fed6e00560fff0b0d12e2f1447ae2,0.0005685465382851903,28000,22,294000,reverse/11475.2.TCAG.2009_10_14_07_47_07.F31SS7V02.fastq.gz.abundtrim,11475.1.TCAG.2009_10_14_07_47_07.F31SS7V01,0d35be03,131064000
217000,0.0016556796679484832,0.0005296298475842994,0.0002060062259659403,8.860484525592509e-05,1.1481481481481481,1.0,0.3552467795046459,"GCA_011764185.1 Rhizopus oryzae strain=GL21, ASM1176418v1",/home/gotting/projects/fungal_associations_metagenomics/db/sourmash/genbank-2022.03-fungi-k31.zip,2b721c99c1bc14bab22a9cb29d9eb9ba,0.004256654700955295,27000,23,267000,reverse/11475.2.TCAG.2009_10_14_07_47_07.F31SS7V02.fastq.gz.abundtrim,11475.1.TCAG.2009_10_14_07_47_07.F31SS7V01,0d35be03,131064000
60000,0.0004577916132576451,0.00042858857211431316,0.0001907465055240188,9.717950770004688e-05,1.36,1.0,0.7418894796396562,"GCA_011033955.1 Fusarium oxysporum strain=EtdFoc-204, ASM1103395v1",/home/gotting/projects/fungal_associations_metagenomics/db/sourmash/genbank-2022.03-fungi-k31.zip,a03d0e8d627a71f6ddd5fe252641160f,0.0010286125730743516,25000,24,242000,reverse/11475.2.TCAG.2009_10_14_07_47_07.F31SS7V02.fastq.gz.abundtrim,11475.1.TCAG.2009_10_14_07_47_07.F31SS7V01,0d35be03,131064000
3983000,0.030389733260086677,0.00041269670380937,0.0001754867850820973,0.0011404301050681972,17.347826086956523,16.0,14.324223009968794,"GCA_011421305.1 Fusarium oxysporum strain=EtdFoc-220, ASM1142130v1",/home/gotting/projects/fungal_associations_metagenomics/db/sourmash/genbank-2022.03-fungi-k31.zip,d9bbd65418480fa0830bdde70ec5c3ec,0.07146830309881394,23000,25,219000,reverse/11475.2.TCAG.2009_10_14_07_47_07.F31SS7V02.fastq.gz.abundtrim,11475.1.TCAG.2009_10_14_07_47_07.F31SS7V01,0d35be03,131064000
17000,0.00012970762375633278,0.0002875105420532086,0.00011444790331441128,0.00011432883258829045,2.6666666666666665,1.0,5.1854497287013475,"GCA_009299095.1 Fusarium oxysporum strain=VPRI42119, ASM929909v1",/home/gotting/projects/fungal_associations_metagenomics/db/sourmash/genbank-2022.03-fungi-k31.zip,1272cfb8e991ce07671a5268f45a1f0a,0.0003258452809936364,15000,26,204000,reverse/11475.2.TCAG.2009_10_14_07_47_07.F31SS7V02.fastq.gz.abundtrim,11475.1.TCAG.2009_10_14_07_47_07.F31SS7V01,0d35be03,131064000
33000,0.0002517853872917048,0.00026765640055672533,0.00011444790331441128,0.0003001131855442624,7.0,4.0,7.797435475847171,"GCA_003313985.1 Lactarius indigo strain=MG109, ASM331398v1",/home/gotting/projects/fungal_associations_metagenomics/db/sourmash/genbank-2022.03-fungi-k31.zip,1658138e3f6759b17c0675c740e5c79a,0.0005888440812247957,15000,27,189000,reverse/11475.2.TCAG.2009_10_14_07_47_07.F31SS7V02.fastq.gz.abundtrim,11475.1.TCAG.2009_10_14_07_47_07.F31SS7V01,0d35be03,131064000
44000,0.0003357138497222731,0.00021911885006427486,0.00011444790331441128,9.146306607063235e-05,2.1333333333333333,2.0,1.927577639306795,"GCA_003314645.1 Morchella eximia strain=MG90, ASM331464v1",/home/gotting/projects/fungal_associations_metagenomics/db/sourmash/genbank-2022.03-fungi-k31.zip,bb2171a502df6f81830cb9d5c27229a7,0.0006427486268552063,15000,28,174000,reverse/11475.2.TCAG.2009_10_14_07_47_07.F31SS7V02.fastq.gz.abundtrim,11475.1.TCAG.2009_10_14_07_47_07.F31SS7V01,0d35be03,131064000
16000,0.00012207776353537203,0.0011355695317959468,9.918818287248977e-05,0.0001543439239941921,4.153846153846154,1.0,10.354086178495715,"GCA_018219195.1 Saccharomyces cerevisiae strain=IMF17, ASM1821919v1",/home/gotting/projects/fungal_associations_metagenomics/db/sourmash/genbank-2022.03-fungi-k31.zip,c3cd5fd9bb448825a3804450683e09b5,0.001397624039133473,13000,29,161000,reverse/11475.2.TCAG.2009_10_14_07_47_07.F31SS7V02.fastq.gz.abundtrim,11475.1.TCAG.2009_10_14_07_47_07.F31SS7V01,0d35be03,131064000
14000,0.00010681804309345053,0.00015088873464707124,7.629860220960752e-05,0.00010289594932946139,3.6,1.5,5.276362383309167,"GCA_001179745.1 Clavaria fumosa, Cla_fum_l100.fa",/home/gotting/projects/fungal_associations_metagenomics/db/sourmash/genbank-2022.03-fungi-k31.zip,0843b6a64f1859895a164d6d010d6b2e,0.00021124422850589975,10000,30,151000,reverse/11475.2.TCAG.2009_10_14_07_47_07.F31SS7V02.fastq.gz.abundtrim,11475.1.TCAG.2009_10_14_07_47_07.F31SS7V01,0d35be03,131064000
10000,7.629860220960752e-05,0.0009457159069415548,7.629860220960752e-05,8.003018281180331e-05,2.8,1.0,4.749736834815167,"GCA_000383075.1 Nosema bombycis CQ1 strain=CQ1, NosBomCQ1_v1.0",/home/gotting/projects/fungal_associations_metagenomics/db/sourmash/genbank-2022.03-fungi-k31.zip,db8216bdab0e94fd85888f3370c6e702,0.0009457159069415548,10000,31,141000,reverse/11475.2.TCAG.2009_10_14_07_47_07.F31SS7V02.fastq.gz.abundtrim,11475.1.TCAG.2009_10_14_07_47_07.F31SS7V01,0d35be03,131064000
83000,0.0006332783983397424,0.00019061052551321884,7.629860220960752e-05,4.0015091405901656e-05,1.4,1.0,0.48989794855663565,"GCA_009298035.1 Fusarium oxysporum strain=RBG6464, ASM929803v1",/home/gotting/projects/fungal_associations_metagenomics/db/sourmash/genbank-2022.03-fungi-k31.zip,54aaadd58eea16349a4d5e345c18c397,0.0015820673617597163,10000,32,131000,reverse/11475.2.TCAG.2009_10_14_07_47_07.F31SS7V02.fastq.gz.abundtrim,11475.1.TCAG.2009_10_14_07_47_07.F31SS7V01,0d35be03,131064000
21000,0.0001602270646401758,0.00017725153765708917,7.629860220960752e-05,6.288085792355974e-05,2.2,1.0,1.9390719429665317,"GCA_009297995.1 Fusarium oxysporum strain=RBG6423, ASM929799v1",/home/gotting/projects/fungal_associations_metagenomics/db/sourmash/genbank-2022.03-fungi-k31.zip,0e152f2585322fb308de0253cad0c133,0.0003722282290798873,10000,33,121000,reverse/11475.2.TCAG.2009_10_14_07_47_07.F31SS7V02.fastq.gz.abundtrim,11475.1.TCAG.2009_10_14_07_47_07.F31SS7V01,0d35be03,131064000
