intersect_bp,f_orig_query,f_match,f_unique_to_query,f_unique_weighted,average_abund,median_abund,std_abund,name,filename,md5,f_match_orig,unique_intersect_bp,gather_result_rank,remaining_bp,query_filename,query_name,query_md5,query_bp
947000,0.011649792714881473,0.0016761358608116958,0.011649792714881473,0.009743947556305576,3.8046462513199577,1.0,8.202483691420497,GCA_001687015.1_ASM168701v1_genomic.fna.gz,db/sourmash/genbank-2022.08-plant-k31.sbt.zip,0dc1cb25e7c7b4bf1bceb809ce434656,0.0016761358608116958,947000,0,3049000,reverse/11463.2.TCAG.2009_10_03_00_06_46.F3GTV4A02.fastq.gz.abundtrim,11463.1.TCAG.2009_10_03_00_06_46.F3GTV4A01,d7900a34,81289000
584000,0.007184243870634403,0.0006592404930738099,0.00681519024714291,0.005368230890720668,3.583032490974729,1.0,8.364300159474736,GCA_002180455.1_ASM218045v1_genomic.fna.gz,db/sourmash/genbank-2022.08-plant-k31.sbt.zip,d956f9f6a1df8936ddc8a86ff740ca56,0.0006949394367420668,554000,1,2495000,reverse/11463.2.TCAG.2009_10_03_00_06_46.F3GTV4A02.fastq.gz.abundtrim,11463.1.TCAG.2009_10_03_00_06_46.F3GTV4A01,d7900a34,81289000
435000,0.0053512775406266535,0.0009480020856045883,0.0051667507288809065,0.03363730771727137,29.614285714285714,32.0,10.503912455401954,GCA_000230855.2_Pigeonpea-Version-2.0_genomic.fna.gz,db/sourmash/genbank-2022.08-plant-k31.sbt.zip,d9b4e1f98df5b1e3d5129e9e3e015c18,0.0009818593029476093,420000,2,2075000,reverse/11463.2.TCAG.2009_10_03_00_06_46.F3GTV4A02.fastq.gz.abundtrim,11463.1.TCAG.2009_10_03_00_06_46.F3GTV4A01,d7900a34,81289000
417000,0.005129845366531757,6.65932319415955e-05,0.00404728807095671,0.02143776638324571,24.09422492401216,28.0,26.07168508173342,GCA_014338645.1_ASM1433864v1_genomic.fna.gz,db/sourmash/genbank-2022.08-plant-k31.sbt.zip,b404ebeeb8c725b1bf7e86a81b3eeac0,8.440540340317729e-05,329000,3,1746000,reverse/11463.2.TCAG.2009_10_03_00_06_46.F3GTV4A02.fastq.gz.abundtrim,11463.1.TCAG.2009_10_03_00_06_46.F3GTV4A01,d7900a34,81289000
396000,0.004871507830087712,0.0006548363499067891,0.0027309968138370506,0.007453322083035849,12.414414414414415,1.0,39.32893588224912,GCA_002573525.1_SJ18_v1_genomic.fna.gz,db/sourmash/genbank-2022.08-plant-k31.sbt.zip,c6856d9aba99d13739b57ee6a09aa7c2,0.001168086461995894,222000,4,1524000,reverse/11463.2.TCAG.2009_10_03_00_06_46.F3GTV4A02.fastq.gz.abundtrim,11463.1.TCAG.2009_10_03_00_06_46.F3GTV4A01,d7900a34,81289000
795000,0.009779921022524573,0.0007158967301590611,0.0025341682146415873,0.001974210856537072,3.5436893203883497,1.0,6.846126676200564,GCA_002141455.1_Co_S7_2014_genomic.fna.gz,db/sourmash/genbank-2022.08-plant-k31.sbt.zip,a1af95f9e475528b31792ecebfb4d3db,0.0027628053421187068,206000,5,1318000,reverse/11463.2.TCAG.2009_10_03_00_06_46.F3GTV4A02.fastq.gz.abundtrim,11463.1.TCAG.2009_10_03_00_06_46.F3GTV4A01,d7900a34,81289000
393000,0.004834602467738563,0.0004660039055565418,0.002325037827996408,0.011923692693797191,23.32804232804233,28.0,16.26852405731692,GCA_010261695.1_La_Amiga3.1_genomic.fna.gz,db/sourmash/genbank-2022.08-plant-k31.sbt.zip,73767c04d625fb0443ae1675113386f4,0.0009689922480620155,189000,6,1129000,reverse/11463.2.TCAG.2009_10_03_00_06_46.F3GTV4A02.fastq.gz.abundtrim,11463.1.TCAG.2009_10_03_00_06_46.F3GTV4A01,d7900a34,81289000
287000,0.0035306129980686193,0.00029891551991251253,0.002017493141753497,0.010582311070725428,23.859756097560975,28.0,24.708763922435654,GCA_900235945.1_Canthatch-W_genomic.fna.gz,db/sourmash/genbank-2022.08-plant-k31.sbt.zip,39129f194483f72b6f6bd6db3fd87669,0.0005231021598468969,164000,7,965000,reverse/11463.2.TCAG.2009_10_03_00_06_46.F3GTV4A02.fastq.gz.abundtrim,11463.1.TCAG.2009_10_03_00_06_46.F3GTV4A01,d7900a34,81289000
356000,0.004379436332099054,7.333386536333695e-05,0.0016730430931614364,0.00755338482507951,20.53676470588235,14.0,28.568006603499267,GCA_910594505.1_hordeum_vulgare_accession_hor_337_contigs_genomic.fna.gz,db/sourmash/genbank-2022.08-plant-k31.sbt.zip,84cf0563c97674146150abf4f478ae67,0.00019196217698049968,136000,8,829000,reverse/11463.2.TCAG.2009_10_03_00_06_46.F3GTV4A02.fastq.gz.abundtrim,11463.1.TCAG.2009_10_03_00_06_46.F3GTV4A01,d7900a34,81289000
202000,0.002484961064842722,0.0002297848397841311,0.0013162912571196596,0.003905151338136345,13.495327102803738,14.0,8.767371361698919,GCA_020877215.1_ASM2087721v1_genomic.fna.gz,db/sourmash/genbank-2022.08-plant-k31.sbt.zip,b01a18813b3ca6e8804662db73563bbf,0.00043379941716256525,107000,9,722000,reverse/11463.2.TCAG.2009_10_03_00_06_46.F3GTV4A02.fastq.gz.abundtrim,11463.1.TCAG.2009_10_03_00_06_46.F3GTV4A01,d7900a34,81289000
175000,0.0021528128037003776,0.00027377773006052636,0.0012547823198710772,0.0019336448800328855,7.009803921568627,4.0,8.313106941473613,GCA_009867345.1_ASM986734v1_genomic.fna.gz,db/sourmash/genbank-2022.08-plant-k31.sbt.zip,e634882be6ebe1736bb645a200a7bf3e,0.0004697166937312952,102000,10,620000,reverse/11463.2.TCAG.2009_10_03_00_06_46.F3GTV4A02.fastq.gz.abundtrim,11463.1.TCAG.2009_10_03_00_06_46.F3GTV4A01,d7900a34,81289000
178000,0.002189718166049527,6.355646064663402e-05,0.0011809715951727785,0.0011223253499491573,4.322916666666667,1.0,8.17324750796089,GCA_000347455.1_ASM34745v1_genomic.fna.gz,db/sourmash/genbank-2022.08-plant-k31.sbt.zip,383cae64eeb6253e86e6b31637ae0746,0.00011784427078230059,96000,11,524000,reverse/11463.2.TCAG.2009_10_03_00_06_46.F3GTV4A02.fastq.gz.abundtrim,11463.1.TCAG.2009_10_03_00_06_46.F3GTV4A01,d7900a34,81289000
349000,0.004293323819951039,0.00012111168996945294,0.0007750126093321359,0.0030099954566106314,17.666666666666668,10.0,15.771181272503298,GCA_023376185.1_v1_genomic.fna.gz,db/sourmash/genbank-2022.08-plant-k31.sbt.zip,224c62fd568fb581780bfe68067845a6,0.0006709203142752234,63000,12,461000,reverse/11463.2.TCAG.2009_10_03_00_06_46.F3GTV4A02.fastq.gz.abundtrim,11463.1.TCAG.2009_10_03_00_06_46.F3GTV4A01,d7900a34,81289000
178000,0.002189718166049527,4.260182173504372e-05,0.0007750126093321359,0.0012061617013911425,7.079365079365079,4.0,9.994127779504636,GCA_021461685.1_ASM2146168v1_genomic.fna.gz,db/sourmash/genbank-2022.08-plant-k31.sbt.zip,2a21ee2ea96dab2ed61840693100701d,0.00012036705188631399,63000,13,398000,reverse/11463.2.TCAG.2009_10_03_00_06_46.F3GTV4A02.fastq.gz.abundtrim,11463.1.TCAG.2009_10_03_00_06_46.F3GTV4A01,d7900a34,81289000
175000,0.0021528128037003776,9.868643253820993e-06,0.0007135036720835537,0.0012683628653642283,8.086206896551724,4.0,13.455270064510707,GCA_004151065.1_LarixSibirica0.1_genomic.fna.gz,db/sourmash/genbank-2022.08-plant-k31.sbt.zip,b309a98d23e9e98a80fb2411d43bd10d,2.9776078783080585e-05,58000,14,340000,reverse/11463.2.TCAG.2009_10_03_00_06_46.F3GTV4A02.fastq.gz.abundtrim,11463.1.TCAG.2009_10_03_00_06_46.F3GTV4A01,d7900a34,81289000
138000,0.0016976466680608693,0.0001054988735442857,0.00038135541094120977,0.002058047207979057,24.548387096774192,30.0,15.0114767055881,GCA_019338905.1_ASM1933890v1_genomic.fna.gz,db/sourmash/genbank-2022.08-plant-k31.sbt.zip,8d6effdaf6563113fe51ad7fe9186093,0.0004696401467455299,31000,15,309000,reverse/11463.2.TCAG.2009_10_03_00_06_46.F3GTV4A02.fastq.gz.abundtrim,11463.1.TCAG.2009_10_03_00_06_46.F3GTV4A01,d7900a34,81289000
345000,0.004244116670152173,5.714430842688068e-05,0.00033214826114234396,0.0010520109906752343,14.407407407407407,8.0,13.657881347708852,GCA_902859565.1_Fonio_CM05836_genomic.fna.gz,db/sourmash/genbank-2022.08-plant-k31.sbt.zip,f68066b84b106a09e017259506fe9a21,0.0007301772743434754,27000,16,282000,reverse/11463.2.TCAG.2009_10_03_00_06_46.F3GTV4A02.fastq.gz.abundtrim,11463.1.TCAG.2009_10_03_00_06_46.F3GTV4A01,d7900a34,81289000
158000,0.001943682417055198,4.797189584932397e-05,0.00031984647369262754,0.0014062871854784622,20.0,26.5,15.419767532917959,GCA_900235935.1_Canthatch-K_genomic.fna.gz,db/sourmash/genbank-2022.08-plant-k31.sbt.zip,196da83a94b63f32ff99eb47305daeb0,0.00029152152093050716,26000,17,256000,reverse/11463.2.TCAG.2009_10_03_00_06_46.F3GTV4A02.fastq.gz.abundtrim,11463.1.TCAG.2009_10_03_00_06_46.F3GTV4A01,d7900a34,81289000
165000,0.002029794929203213,3.8029137047210103e-06,0.00031984647369262754,0.0005625148741913848,8.0,5.0,6.667948594698257,GCA_023213395.1_ASM2321339v1_genomic.fna.gz,db/sourmash/genbank-2022.08-plant-k31.sbt.zip,67f24e02b95870df5db1623ebffbb7f1,2.413387543380641e-05,26000,18,230000,reverse/11463.2.TCAG.2009_10_03_00_06_46.F3GTV4A02.fastq.gz.abundtrim,11463.1.TCAG.2009_10_03_00_06_46.F3GTV4A01,d7900a34,81289000
118000,0.0014516109190665404,4.0727822478825604e-05,0.0003075446862429111,0.0011033945609138704,16.32,4.0,17.080327865705623,GCA_018493915.1_araca.K10017.gnm1.DQ4M_genomic.fna.gz,db/sourmash/genbank-2022.08-plant-k31.sbt.zip,6df040e944ac2c13fc4f1a59a1d5e082,0.00019223532210005685,25000,19,205000,reverse/11463.2.TCAG.2009_10_03_00_06_46.F3GTV4A02.fastq.gz.abundtrim,11463.1.TCAG.2009_10_03_00_06_46.F3GTV4A01,d7900a34,81289000
76000,0.0009349358461784497,5.033205173016428e-05,0.000221432174094896,0.00019201228878648233,3.9444444444444446,2.0,4.156283358726242,GCA_020570325.1_ASM2057032v1_genomic.fna.gz,db/sourmash/genbank-2022.08-plant-k31.sbt.zip,00ee463322440808edd08c4f00a19441,0.00021251310730513806,18000,20,187000,reverse/11463.2.TCAG.2009_10_03_00_06_46.F3GTV4A02.fastq.gz.abundtrim,11463.1.TCAG.2009_10_03_00_06_46.F3GTV4A01,d7900a34,81289000
80000,0.0009841429959773155,4.437147801393264e-05,0.00017222502429603022,0.0006760996084031069,17.857142857142858,14.0,15.136791237894242,GCA_000004655.2_ASM465v1_genomic.fna.gz,db/sourmash/genbank-2022.08-plant-k31.sbt.zip,e32dc1176a23ed090bfaf5fad864a8d2,0.00025355130293675795,14000,21,173000,reverse/11463.2.TCAG.2009_10_03_00_06_46.F3GTV4A02.fastq.gz.abundtrim,11463.1.TCAG.2009_10_03_00_06_46.F3GTV4A01,d7900a34,81289000
97000,0.001193273382622495,5.160040645243237e-05,0.00015992323684631377,0.000854589905021527,24.307692307692307,27.0,14.230977129458523,GCA_001974825.1_COLO4_1.0_genomic.fna.gz,db/sourmash/genbank-2022.08-plant-k31.sbt.zip,34ca6c25f7851bf7292fe88e72480cb9,0.0003850184173758415,13000,22,160000,reverse/11463.2.TCAG.2009_10_03_00_06_46.F3GTV4A02.fastq.gz.abundtrim,11463.1.TCAG.2009_10_03_00_06_46.F3GTV4A01,d7900a34,81289000
49000,0.0006027875850361057,1.5476747669814422e-06,0.00014762144939659732,0.00012710672637978408,3.9166666666666665,2.0,5.33007713098246,GCA_024346515.1_shallot_DHA_v1_genomic.fna.gz,db/sourmash/genbank-2022.08-plant-k31.sbt.zip,a4534bb31e68273bd66fc458c95be41a,6.3196719651742225e-06,12000,23,148000,reverse/11463.2.TCAG.2009_10_03_00_06_46.F3GTV4A02.fastq.gz.abundtrim,11463.1.TCAG.2009_10_03_00_06_46.F3GTV4A01,d7900a34,81289000
17000,0.00020913038664517955,2.711383125830361e-05,0.0001353196619468809,0.00014603751541507107,4.909090909090909,3.0,4.2093952373782635,GCA_003482435.1_Corteva_Sorghum_ONT_TX430_1.0_genomic.fna.gz,db/sourmash/genbank-2022.08-plant-k31.sbt.zip,5a5c647771a72abd22a15d39df45edf2,4.1903193762832854e-05,11000,24,137000,reverse/11463.2.TCAG.2009_10_03_00_06_46.F3GTV4A02.fastq.gz.abundtrim,11463.1.TCAG.2009_10_03_00_06_46.F3GTV4A01,d7900a34,81289000
40000,0.0004920714979886578,7.012170322812273e-06,0.00012301787449716444,0.0001568551091495208,5.8,1.0,10.897706180660222,GCA_024704795.1_ASM2470479v1_genomic.fna.gz,db/sourmash/genbank-2022.08-plant-k31.sbt.zip,571e1770f92148b38017b63373df3302,2.8048681291249093e-05,10000,25,127000,reverse/11463.2.TCAG.2009_10_03_00_06_46.F3GTV4A02.fastq.gz.abundtrim,11463.1.TCAG.2009_10_03_00_06_46.F3GTV4A01,d7900a34,81289000
