intersect_bp,f_orig_query,f_match,f_unique_to_query,f_unique_weighted,average_abund,median_abund,std_abund,name,filename,md5,f_match_orig,unique_intersect_bp,gather_result_rank,remaining_bp,query_filename,query_name,query_md5,query_bp
718000,0.016384464424261787,0.0015319947937781381,0.016384464424261787,0.005230909384780404,11.899721448467966,1.0,121.87348330572176,GCA_003957995.1_ASM395799v1_genomic.fna.gz,db/sourmash/genbank-2022.08-plant-k31.sbt.zip,adabddcd882bddaa6e32ff4904231cdb,0.0015319947937781381,718000,0,987000,FG3.fastq.gz,,fe45ed7a,43822000
199000,0.004541098078590662,3.3397821490465834e-05,0.003765232075213363,0.0061057887750953855,60.442424242424245,2.0,318.63501208664496,GCA_014338645.1_ASM1433864v1_genomic.fna.gz,db/sourmash/genbank-2022.08-plant-k31.sbt.zip,b404ebeeb8c725b1bf7e86a81b3eeac0,4.0279796827895155e-05,165000,1,822000,FG3.fastq.gz,,fe45ed7a,43822000
191000,0.0043585413719136505,3.306063452614633e-05,0.0017114691250969833,0.0004261134049399768,9.28,1.0,24.579970165428055,GCA_002271885.2_ASM227188v2_genomic.fna.gz,db/sourmash/genbank-2022.08-plant-k31.sbt.zip,70df387c9b095bf6a6f4202238dd8096,8.419441592658599e-05,75000,2,747000,FG3.fastq.gz,,fe45ed7a,43822000
115000,0.002624252658482041,0.0001476252466012642,0.0012550773584044544,0.00047203079771368115,14.018181818181818,1.0,75.582703867796,GCA_009867345.1_ASM986734v1_genomic.fna.gz,db/sourmash/genbank-2022.08-plant-k31.sbt.zip,e634882be6ebe1736bb645a200a7bf3e,0.0003086709701662797,55000,3,692000,FG3.fastq.gz,,fe45ed7a,43822000
157000,0.0035826753685363516,0.00015587691392051695,0.0010040618867235636,0.00032264621322322955,11.977272727272727,2.0,52.96889680676405,GCA_019926035.1_SCU_Malt_1_genomic.fna.gz,db/sourmash/genbank-2022.08-plant-k31.sbt.zip,241d069a8793e7287e741eb6df3c5182,0.0005561971701254809,44000,4,648000,FG3.fastq.gz,,fe45ed7a,43822000
172000,0.003924969193555748,1.758170420811328e-05,0.0005933092967002875,0.0033305415558526922,209.23076923076923,1.0,1035.7560712123557,GCA_021461685.1_ASM2146168v1_genomic.fna.gz,db/sourmash/genbank-2022.08-plant-k31.sbt.zip,2a21ee2ea96dab2ed61840693100701d,0.00011630973553059555,26000,5,622000,FG3.fastq.gz,,fe45ed7a,43822000
105000,0.0023960567751357765,1.6411605345416842e-06,0.0005248505316964082,0.00023264812338676894,16.52173913043478,2.0,34.91713117009096,GCA_001447015.2_Sugar_pine_JHU_assembly_genomic.fna.gz,db/sourmash/genbank-2022.08-plant-k31.sbt.zip,3a4e7901b54d5c9ab86e21b0ec795f2f,7.492254614212036e-06,23000,6,599000,FG3.fastq.gz,,fe45ed7a,43822000
68000,0.001551732006754598,6.14903143970494e-06,0.0004792113550271553,0.0030660573734761546,238.47619047619048,1.0,745.237106343479,GCA_022343405.2_ASM2234340v2_genomic.fna.gz,db/sourmash/genbank-2022.08-plant-k31.sbt.zip,3ef2955f5daa8992d62e7a551e817fc5,1.9911149423806475e-05,21000,7,578000,FG3.fastq.gz,,fe45ed7a,43822000
168000,0.0038336908402172424,8.741946481803638e-05,0.00045639176669252886,3.244829089341777e-05,2.65,1.0,4.003436024217198,GCA_021397835.1_ASM2139783v1_genomic.fna.gz,db/sourmash/genbank-2022.08-plant-k31.sbt.zip,949f9ebea259f2546265d2b0b3e48e75,0.0007343235044715056,20000,8,558000,FG3.fastq.gz,,fe45ed7a,43822000
714000,0.01629318607092328,4.7718903843757704e-05,0.00041075259002327596,1.6530261398533582e-05,1.5,1.0,0.8975274678557507,GCA_020916425.1_hifiasm152_l3.hic.hap2.p_ctg_genomic.fna.gz,db/sourmash/genbank-2022.08-plant-k31.sbt.zip,f6065ea64dce66cb333e3c24d832ed48,0.0018928498524690557,18000,9,540000,FG3.fastq.gz,,fe45ed7a,43822000
63000,0.001437634065081466,2.794761994963218e-05,0.00041075259002327596,1.1632406169338446e-05,1.0555555555555556,1.0,0.2290614236454256,GCA_019022655.1_ASM1902265v1_genomic.fna.gz,db/sourmash/genbank-2022.08-plant-k31.sbt.zip,128cbe0090b51679dfa5ebeddf4c2554,9.781666982371262e-05,18000,10,522000,FG3.fastq.gz,,fe45ed7a,43822000
105000,0.0023960567751357765,3.462244226707752e-05,0.0003879330016886495,0.00047325526152097996,45.470588235294116,1.0,139.5168628420989,GCA_904814375.1_MesFer1_genomic.fna.gz,db/sourmash/genbank-2022.08-plant-k31.sbt.zip,8319d3e22cc19434b1856d902da693ce,0.0002138444963554788,17000,11,505000,FG3.fastq.gz,,fe45ed7a,43822000
65000,0.0014832732417507188,3.1059135143887656e-06,0.00034229382501939663,2.571373995327446e-05,2.8,1.0,6.734983296193095,GCA_902810645.1_Triticum_aestivum_Cadenza_EIv1.1_genomic.fna.gz,db/sourmash/genbank-2022.08-plant-k31.sbt.zip,fd53a6bd0bcd2d7f2626719d222a5cfb,1.3458958562351318e-05,15000,12,490000,FG3.fastq.gz,,fe45ed7a,43822000
84000,0.0019168454201086212,6.389455572746233e-05,0.0003194742366847702,1.4081333783936015e-05,1.6428571428571428,1.0,1.1088696211614302,GCA_022749755.1_ASM2274975v1_genomic.fna.gz,db/sourmash/genbank-2022.08-plant-k31.sbt.zip,01085d2d7689dbdfee6882d0c4f59c44,0.000383367334364774,14000,13,476000,FG3.fastq.gz,,fe45ed7a,43822000
112000,0.0025557938934781615,3.514488478753662e-05,0.0003194742366847702,1.5918029494884192e-05,1.8571428571428572,1.0,1.5518257844571737,GCA_001541825.1_ASM154182v1_genomic.fna.gz,db/sourmash/genbank-2022.08-plant-k31.sbt.zip,de9d9bb4249b47041a14cffe439d4cbc,0.00028115907830029296,14000,14,462000,FG3.fastq.gz,,fe45ed7a,43822000
87000,0.0019853041851125007,2.249352878479576e-05,0.00029665464835014374,1.1632406169338446e-05,1.4615384615384615,1.0,1.1512791959304434,GCA_002303985.1_Duzib1.0_genomic.fna.gz,db/sourmash/genbank-2022.08-plant-k31.sbt.zip,96bd1805fbeba98ac1fad9dbc0570b73,0.00015053361571363316,13000,15,449000,FG3.fastq.gz,,fe45ed7a,43822000
63000,0.001437634065081466,1.5476747669814422e-06,0.00027383506001551735,3.244829089341777e-05,4.416666666666667,1.0,6.369959881262116,GCA_024346515.1_shallot_DHA_v1_genomic.fna.gz,db/sourmash/genbank-2022.08-plant-k31.sbt.zip,a4534bb31e68273bd66fc458c95be41a,8.125292526652572e-06,12000,16,437000,FG3.fastq.gz,,fe45ed7a,43822000
85000,0.0019396650084432478,3.321296150919697e-05,0.0002510154716808909,1.5918029494884192e-05,2.3636363636363638,1.0,2.459590774267033,GCA_011075055.1_CATAS_Mindica_2.1_genomic.fna.gz,db/sourmash/genbank-2022.08-plant-k31.sbt.zip,538f603fbbabda572f90618d3e0f9ed4,0.0002566456116619766,11000,17,426000,FG3.fastq.gz,,fe45ed7a,43822000
175000,0.003993427958559627,2.0375612185268108e-06,0.00022819588334626443,1.9591420916780542e-05,3.2,1.0,5.635601121442148,GCA_902651665.1_Tritex_Taestivum_CS_genomic.fna.gz,db/sourmash/genbank-2022.08-plant-k31.sbt.zip,844f877aac102344ee27cb292b1208c1,3.5657321324219187e-05,10000,18,416000,FG3.fastq.gz,,fe45ed7a,43822000
