intersect_bp,f_orig_query,f_match,f_unique_to_query,f_unique_weighted,average_abund,median_abund,std_abund,name,filename,md5,f_match_orig,unique_intersect_bp,gather_result_rank,remaining_bp,query_filename,query_name,query_md5,query_bp
127000,0.0028980877184975585,0.022363092093678465,0.0028980877184975585,0.00010407942362039663,1.3385826771653544,1.0,2.3518144191373014,"GCA_000511325.1 Pseudomonas sp. FGI182 strain=FGI182, ASM51132v1",db/sourmash/genbank-2022.03-bacteria-k31.sbt.zip,b32752d3d235262af90e16fdcbab0bd2,0.022363092093678465,127000,0,360000,FG3.fastq.gz,,fe45ed7a,43822000
73000,0.0016658299484277304,0.013964313421256789,0.0016430103600931039,5.510087132844527e-05,1.25,1.0,1.1989578808281798,"GCA_000383335.1 Klebsiella aerogenes FGI35 strain=FGI35, ASM38333v1",db/sourmash/genbank-2022.03-bacteria-k31.sbt.zip,5544fcde0ecb000a75b0d73343ff385e,0.014158262218774243,72000,1,288000,FG3.fastq.gz,,fe45ed7a,43822000
38000,0.0008671443567158048,0.012687813021702838,0.0008671443567158048,0.0034762527489212475,149.42105263157896,3.5,572.8700427431828,"GCA_000723965.1 Staphylococcus aureus subsp. aureus strain=MV8, MV8",db/sourmash/genbank-2022.03-bacteria-k31.sbt.zip,668cc7ee3aaf2c60e8f707abcefe9268,0.012687813021702838,38000,2,250000,FG3.fastq.gz,,fe45ed7a,43822000
27000,0.0006161288850349139,0.009952082565425728,0.0006161288850349139,1.6530261398533582e-05,1.0,1.0,0.0,"GCA_011525575.1 Cutibacterium acnes, ASM1152557v1",db/sourmash/genbank-2022.03-bacteria-k31.sbt.zip,98ce8be75f5488075c113310a4c63ba3,0.009952082565425728,27000,3,223000,FG3.fastq.gz,,fe45ed7a,43822000
41000,0.0009356031217196842,0.004052311659605821,0.0005020309433617818,0.0002057099196261957,15.272727272727273,1.0,60.5761592904351,"GCA_000025465.1 Klebsiella variicola At-22 strain=At-22, ASM2546v1",db/sourmash/genbank-2022.03-bacteria-k31.sbt.zip,6b085c544373c31e8efe8eeabb2c3123,0.007552035365629029,22000,4,201000,FG3.fastq.gz,,fe45ed7a,43822000
21000,0.0004792113550271553,0.0019395954558049321,0.0003194742366847702,3.0611595182469596e-05,3.5714285714285716,3.5,2.470230923684369,"GCA_014649055.1 Streptomyces gancidicus strain=JCM 4171, ASM1464905v1",db/sourmash/genbank-2022.03-bacteria-k31.sbt.zip,4cffff828486ac9d172f5e6b3affbe10,0.0029093931837073984,14000,5,187000,FG3.fastq.gz,,fe45ed7a,43822000
22000,0.0005020309433617818,0.0029633006610439937,0.00029665464835014374,0.0007579430967179472,95.23076923076923,28.0,230.21934485521004,"GCA_009742925.1 Shigella flexneri 2a strain=2013ZH049, ASM974292v1",db/sourmash/genbank-2022.03-bacteria-k31.sbt.zip,df1164fe8a855895432cb04f56c1400d,0.00501481650330522,13000,6,174000,FG3.fastq.gz,,fe45ed7a,43822000
21000,0.0004792113550271553,0.0022,0.0002510154716808909,7.469229224522582e-05,11.090909090909092,2.0,24.555890037569196,"GCA_902812655.1 Candidatus Frankia meridionalis strain=Cppng1, Cppng1",db/sourmash/genbank-2022.03-bacteria-k31.sbt.zip,85828ae423812cce3a6e579c86506cce,0.0042,11000,7,163000,FG3.fastq.gz,,fe45ed7a,43822000
19000,0.0004335721783579024,0.00135189941868325,0.00022819588334626443,6.918220511238129e-05,11.3,2.0,19.214838016491317,"GCA_003344625.2 Solirubrobacter sp. CPCC 204708 strain=CPCC 204708, ASM334462v2",db/sourmash/genbank-2022.03-bacteria-k31.sbt.zip,1afe9512b2bdbe81ee169109ec72d200,0.0025686088954981747,10000,8,153000,FG3.fastq.gz,,fe45ed7a,43822000
